   7.6634000e+04   4.0728527e+01  -7.3996868e+01
   6.4024000e+04   4.0741747e+01  -7.3993421e+01
   8.5870000e+04   4.0734193e+01  -7.4004164e+01
   8.0827000e+04   4.0742512e+01  -7.4006031e+01
   7.7966000e+04   4.0742396e+01  -7.4007543e+01
   7.7765000e+04   4.0742396e+01  -7.4007543e+01
   7.5923000e+04   4.0735885e+01  -7.4004968e+01
   7.5347000e+04   4.0727525e+01  -7.3985399e+01
   5.8230000e+03   4.0756880e+01  -7.3986225e+01
   7.8517000e+04   4.0707417e+01  -7.4011363e+01
   7.8348000e+04   4.0707173e+01  -7.4010545e+01
   7.8232000e+04   4.0707071e+01  -7.4011953e+01
   7.8182000e+04   4.0705823e+01  -7.3996696e+01
   7.0116000e+04   4.0769378e+01  -7.3963083e+01
   6.2667000e+04   4.0780805e+01  -7.3976473e+01
   4.6800000e+02   4.0731724e+01  -7.4003338e+01
   8.3890000e+04   4.0730869e+01  -7.3997566e+01
   7.9111000e+04   4.0742201e+01  -7.3987995e+01
   7.5721000e+04   4.0745810e+01  -7.3988221e+01
   7.3908000e+04   4.0748444e+01  -7.3985732e+01
   7.2884000e+04   4.0751508e+01  -7.3975500e+01
   5.5660000e+04   4.0643885e+01  -7.3782806e+01
   8.4334000e+04   3.0269103e+01  -9.7749395e+01
   8.3499000e+04   3.0231650e+01  -9.7800171e+01
   8.2951000e+04   3.0245361e+01  -9.7779093e+01
   5.8235000e+04   3.0269103e+01  -9.7749395e+01
   5.3161000e+04   3.0267910e+01  -9.7749312e+01
   8.0509000e+04   3.0244860e+01  -9.7757163e+01
   8.0482000e+04   3.0405304e+01  -9.7878399e+01
   6.5230000e+03   3.0255814e+01  -9.7763418e+01
   5.2599000e+04   3.0267910e+01  -9.7749312e+01
   8.4202000e+04   3.0264336e+01  -9.7741046e+01
   1.8840000e+03   3.0237911e+01  -9.7799961e+01
   8.5627000e+04   3.0231375e+01  -9.7797455e+01
   5.3521000e+04   3.0269103e+01  -9.7749395e+01
   6.0225000e+04   3.0250618e+01  -9.7765900e+01
   6.9711000e+04   3.0244761e+01  -9.7748961e+01
   7.2540000e+03   3.0317016e+01  -9.7719569e+01
   7.7533000e+04   3.0269103e+01  -9.7749395e+01
   5.3937000e+04   3.0267910e+01  -9.7749312e+01
   8.4817000e+04   3.0265406e+01  -9.7747791e+01
   8.0667000e+04   3.0267910e+01  -9.7749312e+01
   7.2228000e+04   3.0267910e+01  -9.7749312e+01
   8.2420000e+03   3.0246461e+01  -9.7750788e+01
   2.7900000e+02   3.0269811e+01  -9.7748970e+01
   8.3053000e+04   3.0269103e+01  -9.7749395e+01
   6.9466000e+04   3.9044236e+01  -9.4620743e+01
   6.4826000e+04   3.8992776e+01  -9.4595276e+01
   4.3830000e+03   3.9041053e+01  -9.4594739e+01
   6.0595000e+04   3.9052824e+01  -9.4590311e+01
   8.2098000e+04   3.8934694e+01  -9.4629793e+01
   6.6990000e+04   3.9057035e+01  -9.4603754e+01
   6.5593000e+04   3.9057334e+01  -9.4606179e+01
   6.5127000e+04   3.9050671e+01  -9.4598069e+01
   6.6124000e+04   3.7766237e+01  -9.6981479e+01
   5.1957000e+04   3.4185646e+01  -9.7165698e+01
   6.1099000e+04   3.0269103e+01  -9.7749395e+01
   7.6112000e+04   3.0269103e+01  -9.7749395e+01
   5.8369000e+04   3.0269103e+01  -9.7749395e+01
   4.3700000e+02   3.0263775e+01  -9.7770660e+01
   6.3223000e+04   3.0234214e+01  -9.7757571e+01
   7.7560000e+04   3.0244860e+01  -9.7757163e+01
   1.1673000e+04   3.0266891e+01  -9.7745686e+01
   1.7100000e+03   3.0268696e+01  -9.7745615e+01
   8.1393000e+04   3.0310153e+01  -9.7740158e+01
   4.0950000e+03   3.0244860e+01  -9.7757163e+01
   5.8741000e+04   3.0269103e+01  -9.7749395e+01
   7.5445000e+04   3.0267910e+01  -9.7749312e+01
   5.1425000e+04   3.0264854e+01  -9.7743845e+01
   6.6100000e+02   3.0250994e+01  -9.7748966e+01
   8.0877000e+04   3.0244860e+01  -9.7757163e+01
   6.9371000e+04   3.0263775e+01  -9.7770660e+01
   1.1354000e+04   3.0310912e+01  -9.7742887e+01
   1.1330000e+04   3.0310959e+01  -9.7742693e+01
   9.6570000e+03   3.0311043e+01  -9.7742915e+01
   4.3310000e+03   3.0244761e+01  -9.7748961e+01
   8.2052000e+04   3.0266240e+01  -9.7745908e+01
   5.1096000e+04   3.0264854e+01  -9.7743845e+01
   5.8600000e+02   3.0246461e+01  -9.7750788e+01
   6.8344000e+04   3.0269103e+01  -9.7749395e+01
   7.3880000e+03   3.0263775e+01  -9.7770660e+01
   6.3200000e+04   3.0270734e+01  -9.7753703e+01
   5.9213000e+04   3.0269103e+01  -9.7749395e+01
   5.3149000e+04   3.0267910e+01  -9.7749312e+01
   6.5400000e+04   3.0244860e+01  -9.7757163e+01
   1.0148000e+04   3.0201557e+01  -9.7667127e+01
   7.9149000e+04   3.7616356e+01  -1.2238615e+02
   7.5089000e+04   3.7761508e+01  -1.2242577e+02
   7.3256000e+04   3.7759689e+01  -1.2242718e+02
   2.5571000e+04   3.7785948e+01  -1.2241062e+02
   1.5123000e+04   3.7419187e+01  -1.2221220e+02
   2.9420000e+03   3.7415760e+01  -1.2215255e+02
   6.4597000e+04   3.7782605e+01  -1.2240761e+02
   6.9750000e+03   3.0270211e+01  -9.7749713e+01
   8.5731000e+04   3.0249364e+01  -9.7749470e+01
   7.8375000e+04   3.0245066e+01  -9.7751526e+01
   7.4365000e+04   3.0269103e+01  -9.7749395e+01
   8.0299000e+04   3.0264298e+01  -9.7732980e+01
   5.9231000e+04   3.0272031e+01  -9.7754111e+01
   6.5447000e+04   3.0269103e+01  -9.7749395e+01
