   3.5976000e+04   4.8999165e+01   8.3825295e+00
   5.5894000e+04   5.9927859e+01   1.0713899e+01
   4.8300000e+03   3.2783077e+01  -9.7094162e+01
   8.4006000e+04   3.4744247e+01  -8.6678375e+01
   3.2560000e+03   4.8419474e+01  -1.2233537e+02
   7.3290000e+03   3.0678408e+01  -8.8126069e+01
   6.3338000e+04   5.9364868e+01   1.8131138e+01
   3.3366000e+04   5.9335745e+01   1.8101778e+01
   1.3863000e+04   3.7785088e+01  -1.2242090e+02
   7.4168000e+04   3.9700708e+01  -1.0493837e+02
   4.9466000e+04   3.5470771e+01  -9.7604277e+01
   5.9488000e+04   5.8825913e+01   5.7198696e+00
   8.2076000e+04   3.0684329e+01  -8.8226449e+01
   5.9336000e+04   5.9236650e+01   1.8538073e+01
   6.0041000e+04   4.3170414e+01  -7.7560357e+01
   5.2109000e+04   4.5458611e+01  -7.5494117e+01
   7.2921000e+04   3.9997991e+01  -8.2884014e+01
   2.6030000e+04   4.7487940e+01   1.9007139e+01
   7.3487000e+04   3.3851635e+01  -7.8656294e+01
   3.9087000e+04   5.5598035e+01   1.2989551e+01
   1.7993000e+04   4.2354047e+01  -7.1135159e+01
   1.5889000e+04   4.9581348e+01   1.1011222e+01
   7.3027000e+04   5.9401718e+01   1.7949570e+01
   6.0869000e+04   5.7707105e+01   1.1969315e+01
   5.5909000e+04   5.3560692e+01  -1.1350997e+02
   6.5697000e+04   4.8438606e+01  -1.2347568e+02
   2.7034000e+04   3.4045927e+01  -1.1823654e+02
   7.2713000e+04   3.3671635e+01  -1.1765188e+02
   3.8700000e+02   3.8952334e+01  -7.7447948e+01
   5.0538000e+04   5.6255030e+01   1.4075929e+01
   8.2201000e+04   3.9944781e+01  -8.2794681e+01
   3.6486000e+04   5.5036918e+01  -1.7091038e+00
   7.4918000e+04   3.2953496e+01  -9.6852443e+01
   2.5150000e+03   3.7781783e+01  -1.2242059e+02
   7.0240000e+04   3.7190708e+01  -9.3283115e+01
   7.6177000e+04   3.2757756e+01  -9.7096588e+01
   5.3266000e+04   3.0277099e+01  -9.7729161e+01
   6.9322000e+04   1.9357650e+01  -9.9169026e+01
   5.9436000e+04   3.3657236e+01  -9.6607327e+01
   4.5374000e+04   6.3161419e+01   1.4674412e+01
   4.7005000e+04   5.1512126e+01  -1.2362800e-01
   4.0931000e+04   3.8892786e+01  -7.7022926e+01
   7.2430000e+04   3.5846152e+01  -8.6363879e+01
   6.3938000e+04   5.0084456e+01   1.4421862e+01
   7.8800000e+03   3.0254141e+01  -9.7762317e+01
   5.5591000e+04   4.1040248e+01  -7.4075464e+01
   9.8570000e+03   3.0268519e+01  -9.7736177e+01
   5.7092000e+04   5.9305418e+01   1.8126765e+01
   7.8420000e+04   3.8005390e+01  -8.4449384e+01
   2.4725000e+04   4.7675677e+01  -1.2232015e+02
   5.8089000e+04   3.9951667e+01  -7.5171667e+01
   8.1243000e+04   4.2403275e+01  -7.1127426e+01
   3.5160000e+04   5.6132733e+01   1.0196300e+01
   6.2753000e+04   3.5336237e+01  -9.4422421e+01
   6.6081000e+04   4.9472540e+01   7.3464360e+00
   2.0822000e+04  -2.7047363e+01   1.5246623e+02
   5.0126000e+04   3.2800839e+01  -9.6819828e+01
   5.1969000e+04   5.1521602e+01  -4.5448950e-02
   1.4540000e+03   3.5707429e+01   1.3995972e+02
   5.2702000e+04   4.1891767e+01  -8.7627429e+01
   5.6984000e+04   5.1241048e+01   4.9664350e+00
   6.0573000e+04   3.2779835e+01  -9.6755592e+01
   1.7026000e+04  -6.2349518e+00   1.0679895e+02
   4.0793000e+04   6.3434392e+01   1.0412850e+01
   6.2755000e+04   3.0422881e+01  -9.7700129e+01
   9.2200000e+03   3.3807536e+01  -8.4278097e+01
   7.1568000e+04   3.6728436e+01  -9.5934614e+01
   1.0770000e+04   4.7624447e+01  -1.2232101e+02
   1.6752000e+04   4.7668882e+01  -1.2239430e+02
   2.6232000e+04   5.9436877e+01   1.7927402e+01
   6.3911000e+04   3.5619763e+01  -9.7488503e+01
   5.1780000e+04   5.9911864e+01   1.0743581e+01
   6.2786000e+04   5.1314217e+01   3.1183973e+00
   2.0278000e+04   4.1377852e+01  -7.1956443e+01
   5.9293000e+04   5.2353325e+01   4.9312474e+00
   4.6835000e+04   6.3430570e+01   1.0399052e+01
   6.2383000e+04   3.2953431e+01  -9.6824334e+01
   8.2950000e+04   3.8900357e+01  -7.6988711e+01
   8.2384000e+04   4.3091031e+01  -7.7511878e+01
   6.6094000e+04   3.9957328e+01  -8.2938188e+01
   6.6738000e+04   3.4101498e+01  -1.1832595e+02
   6.2163000e+04   6.3825501e+01   2.0264492e+01
   6.3464000e+04   5.6100799e+01   1.3914249e+01
   9.3140000e+03   2.8477236e+01  -8.1464492e+01
   7.4674000e+04   4.5661327e+01  -7.3753667e+01
   5.4563000e+04   4.3670560e+01  -7.9448726e+01
   3.1240000e+03   3.5034694e+01  -1.1647071e+02
   6.1577000e+04   5.0544319e+01   7.0980692e+00
   8.3369000e+04   5.0111674e+01   8.6814848e+00
   2.8016000e+04   5.5919514e+01  -4.3338291e+00
   6.3550000e+04   5.9319747e+01   1.8154478e+01
   6.4621000e+04   3.9185593e+01  -9.6551253e+01
   4.3381000e+04   5.7655506e+01   1.1925026e+01
   6.0302000e+04   3.7793132e+01  -1.2239646e+02
   4.4384000e+04   5.9401619e+01   1.7942437e+01
   8.2909000e+04   3.6077464e+01  -9.5816040e+01
   7.6690000e+04   3.5932757e+01  -8.6861001e+01
   2.5221000e+04   5.7716753e+01   1.1983741e+01
   5.5339000e+04   5.0263288e+01  -5.0528955e+00
   8.7620000e+03   4.0829520e+01  -7.3825271e+01
   6.0838000e+04   3.3792397e+01  -8.4386348e+01
   5.1364000e+04   2.6369460e+01   4.3933387e+01
   8.5900000e+03   3.3810339e+01  -1.1791905e+02
   6.8054000e+04   3.0481006e+01  -9.7829505e+01
   6.7663000e+04   4.2572069e+01  -7.6859450e+01
   6.2565000e+04   4.5670096e+01  -1.2253936e+02
   8.3540000e+04   4.7658595e+01  -1.2231260e+02
   1.1440000e+04   3.5589317e+01  -9.7621142e+01
   7.5426000e+04   3.2711760e+01  -1.1715647e+02
   6.3692000e+04   4.0629868e+01  -7.5383316e+01
   6.1073000e+04   5.5663000e+01   1.2561840e+01
   7.8293000e+04   4.4969777e+01  -9.3284354e+01
   1.5861000e+04   3.9056092e+01  -7.7123036e+01
   7.7789000e+04   3.2753733e+01  -9.7344573e+01
   3.5212000e+04   2.1311772e+01  -1.5785455e+02
   5.5425000e+04   3.0117721e+01  -9.6075494e+01
   7.3282000e+04   3.2778303e+01  -9.6760124e+01
   7.2017000e+04   4.3088508e+01  -7.7606821e+01
   3.9635000e+04   2.7585666e+00   1.0174019e+02
   5.4219000e+04   5.3465424e+01  -2.3472267e+00
   5.6505000e+04   5.9315729e+01   1.8037710e+01
   8.0177000e+04   3.7690301e+01  -1.2188830e+02
   3.5565000e+04   5.9304700e+01   1.8130703e+01
   6.2999000e+04   3.7827177e+01  -1.2221047e+02
   6.3211000e+04   3.6128967e+01  -1.1516549e+02
   3.1179000e+04   5.2038927e+01  -7.7694280e-01
   1.3867000e+04   4.0263708e+01  -1.1166699e+02
   5.5460000e+04   5.1434388e+01  -5.4346537e-02
   8.4426000e+04   3.2781702e+01  -9.6797394e+01
   6.4250000e+04   1.8234936e+01  -6.6041704e+01
   8.2077000e+04   4.1877218e+01  -8.7635416e+01
   1.2267000e+04   3.2769105e+01  -9.6798027e+01
   6.7810000e+03   3.7416349e+01  -1.2215207e+02
   4.0150000e+03   2.6119435e+01  -8.0143820e+01
   7.3685000e+04   3.5610055e+01  -9.7554204e+01
   6.3193000e+04   4.6967829e+01   7.4655640e+00
   5.0694000e+04   6.1348450e+01   1.6392391e+01
   6.1288000e+04   2.5978726e+01  -8.0341678e+01
   2.7070000e+03   4.7775026e+01  -1.2234495e+02
   6.0122000e+04   4.1757047e+01  -7.2675752e+01
   3.9520000e+04   5.9330084e+01   1.8076917e+01
   4.6446000e+04   2.5141137e+01   5.5186150e+01
   2.6952000e+04   5.3989417e+01  -1.0428429e+00
   5.3874000e+04   5.4070833e+01  -2.8736427e+00
   6.5156000e+04   2.9611405e+01  -9.5226432e+01
   5.5980000e+03   3.9717296e+01  -1.0495683e+02
   6.4100000e+02   3.1597384e+01  -8.9199849e+01
   7.6082000e+04   4.0800806e+01  -7.3793404e+01
   6.1790000e+03   3.2733090e+01  -9.7792207e+01
   5.6798000e+04   4.8165516e+01   1.1564991e+01
   7.0034000e+04   3.2724424e+01  -9.7467663e+01
   7.8672000e+04   3.2868639e+01  -9.6773672e+01
   6.0770000e+04   5.0896154e+01  -1.3938753e+00
   3.6824000e+04   4.8368446e+01   1.4514193e+01
   5.5815000e+04   6.3285091e+01   1.0279963e+01
   2.2500000e+03   3.3077970e+01  -9.6821659e+01
   4.8128000e+04   3.8887250e+01  -7.7004709e+01
   7.8460000e+04   4.5517143e+01  -7.3579602e+01
   3.8941000e+04   5.1038849e+01   3.7289222e+00
   1.3184000e+04   4.5533955e+01  -1.2270080e+02
   7.2085000e+04   6.0391120e+01   5.3206658e+00
   8.5477000e+04   4.1787822e+01  -7.2864333e+01
   8.6140000e+04   3.0345806e+01  -8.1663158e+01
   1.1400000e+04   2.1624648e+01   3.9163092e+01
   5.3700000e+02   2.9979874e+01  -9.5215834e+01
   6.7379000e+04   5.9339166e+01   1.8036411e+01
   5.2406000e+04   2.1586677e+01   3.9176907e+01
   2.1510000e+04   2.1300805e+01  -1.5784141e+02
   2.5500000e+03   3.2749966e+01  -9.7332745e+01
   8.0770000e+03   3.9652844e+01  -1.0490010e+02
   4.4631000e+04   5.1493857e+01  -3.1478544e+00
   1.2746000e+04   3.4147674e+01  -1.1842832e+02
   4.0443000e+04   5.9361436e+01   1.7874799e+01
   6.8435000e+04   3.3495047e+01  -1.1203375e+02
   5.9530000e+04   3.4772640e+01  -8.6787029e+01
   5.3485000e+04   4.0710926e+01  -7.3952257e+01
   1.1766000e+04   3.6069247e+01  -1.1517803e+02
   7.5989000e+04   3.3444920e+01  -8.6789770e+01
   5.4659000e+04   5.2318133e+01   9.8186874e+00
   8.2730000e+04   2.9987799e+01  -9.5339355e+01
   4.4708000e+04   5.6400176e+01   1.2839698e+01
   5.2620000e+04   5.7720796e+01   1.1952449e+01
   8.4200000e+03   3.7761801e+01  -1.2242167e+02
   1.8140000e+03   3.5491253e+01  -9.2029942e+01
   5.9491000e+04   4.1695371e+01  -8.6198071e+01
   7.8338000e+04   4.5462434e+01  -7.3564095e+01
   4.9743000e+04   5.5587285e+01   1.3056990e+01
   6.6870000e+04   3.2786824e+01  -9.6799303e+01
   2.6083000e+04   3.6449464e+01   3.2128500e+01
   2.7754000e+04   3.3803397e+01  -1.1791059e+02
   7.8095000e+04   4.8742893e+01   9.3109286e+00
   7.8776000e+04   1.8407347e+01  -6.6061724e+01
   2.9830000e+03   4.3726821e+01  -7.9451103e+01
   6.4812000e+04   3.0116926e+01  -9.7424017e+01
   1.6580000e+03   3.4052769e+01  -1.1825731e+02
   1.3777000e+04   2.9930690e+01  -9.5450841e+01
   9.2440000e+03   3.4145850e+01  -1.1814771e+02
   7.6959000e+04   3.0269103e+01  -9.7749395e+01
   7.4847000e+04   2.1383930e+01  -1.5794576e+02
   4.8945000e+04   4.7231284e+01   1.6624203e+01
   6.4006000e+04   4.0755800e+01  -7.3987385e+01
   8.4366000e+04   4.9276378e+01  -1.2312028e+02
   6.8010000e+04   5.7670336e+01   1.1930982e+01
   7.2509000e+04   5.0947525e+01   5.2530492e+00
   5.4668000e+04   5.2381386e+01   4.6357437e+00
   4.5846000e+04   4.0711435e+01  -7.4012189e+01
   8.3233000e+04   3.2768241e+01  -1.1716575e+02
   2.1728000e+04   4.4965981e+01  -9.3275187e+01
   4.1606000e+04   3.7972492e+01  -8.7555671e+01
   7.1285000e+04   3.8562396e+01  -1.2147040e+02
   4.3783000e+04   5.9271286e+01   1.7916856e+01
   7.2120000e+03   3.0691263e+01  -8.8039927e+01
   5.1856000e+04   5.1052250e+01   3.7189447e+00
   6.3096000e+04   4.8216632e+01   1.6340711e+01
   5.9689000e+04   5.9234857e+01   1.8230251e+01
   7.1306000e+04   2.9958224e+01  -9.0161125e+01
   7.0680000e+04   1.8394879e+01  -6.6155207e+01
   4.9994000e+04   3.0270888e+01  -9.7753774e+01
   4.5287000e+04   5.5599975e+01   1.3025448e+01
   2.3185000e+04   4.9003955e+01   1.2097664e+01
   6.3784000e+04   4.1891704e+01  -8.7607480e+01
   5.9764000e+04   3.4067136e+01  -8.1599016e+01
   6.7334000e+04   3.0270954e+01  -9.7753505e+01
   7.7087000e+04   3.0251031e+01  -9.7754092e+01
   6.0969000e+04   3.3988730e+01  -1.1847308e+02
   5.1327000e+04   2.4701805e+01   4.6695167e+01
   6.0178000e+04   3.3778836e+01  -1.1786786e+02
   8.4379000e+04   4.1291211e+01  -7.2958835e+01
   7.2640000e+04   4.5453743e+01  -7.5510033e+01
   6.1621000e+04   3.6092979e+01  -8.6703552e+01
   6.6347000e+04   3.2852533e+01  -9.7191110e+01
   3.3911000e+04   6.8794054e+01   1.6525391e+01
   1.0064000e+04   3.7786851e+01  -1.2240147e+02
   6.2328000e+04   5.9314860e+01   1.8006927e+01
   6.3349000e+04   5.0808857e+01   7.0459819e+00
   4.7217000e+04   5.3075157e+01   8.8074079e+00
   5.0970000e+04   2.8472606e+01  -8.1466808e+01
   4.4505000e+04   6.9681361e+01   1.8972080e+01
   7.9280000e+03   3.0286985e+01  -9.7729077e+01
   7.0591000e+04   4.0808762e+01  -7.3944990e+01
   6.3235000e+04   5.3760323e+01  -2.7035670e+00
   2.0401000e+04   4.0242266e+01  -7.5555185e+01
   6.9266000e+04   4.7618871e+01  -1.2232111e+02
   7.4300000e+03   4.2761020e+01  -7.1498554e+01
   1.3879000e+04   4.8972228e+00   1.1492048e+02
   8.4805000e+04   2.8513531e+01  -8.1358988e+01
   4.2172000e+04   4.7562751e+01  -5.2708036e+01
   7.4390000e+03   3.8634286e+01  -9.0238223e+01
   7.8181000e+04   5.1521331e+01  -1.5726864e-01
   3.2112000e+04   6.0419834e+01   5.3086309e+00
   1.0930000e+03   3.0395495e+01  -9.7750366e+01
   7.5628000e+04   3.2678262e+01  -9.7195205e+01
   4.8840000e+04   5.0827015e+01  -1.3641215e-01
   7.6779000e+04   3.7861085e+01  -1.2248248e+02
   3.7625000e+04   5.0774474e+01  -3.2170245e+00
   1.1732000e+04   4.7789841e+01  -1.2221607e+02
   5.1722000e+04   5.9304745e+01   1.8123373e+01
   6.0690000e+03   3.7502517e+01  -1.2247579e+02
   6.1488000e+04   5.7703465e+01   1.1968381e+01
   7.8394000e+04   4.0786496e+01  -1.1198480e+02
   6.4736000e+04   5.4603326e+01  -5.9295349e+00
   4.8444000e+04   6.1823885e+01   1.6108638e+01
   4.1440000e+03   4.5442030e+01  -1.2282786e+02
   5.1755000e+04   3.0504744e+01  -9.7817008e+01
   5.7251000e+04   1.9317934e+01  -9.9144062e+01
   7.0459000e+04   5.6934627e+01   9.7483602e+00
   8.5212000e+04   3.7654968e+01  -7.7617891e+01
   6.5607000e+04   5.8539535e+01   1.4488968e+01
   8.2686000e+04   2.8553002e+01  -8.1335845e+01
   6.4336000e+04   3.2978976e+01  -9.6591301e+01
   7.1548000e+04   5.0072180e+01   1.4438245e+01
   4.1350000e+04   4.2052137e+01  -8.8040700e+01
   7.8950000e+04   2.7774784e+01  -9.7502488e+01
   4.2097000e+04   5.9912386e+01   1.0636346e+01
   7.2288000e+04   5.7781497e+01   1.4180528e+01
   8.0403000e+04   4.7614232e+01  -1.2234205e+02
   4.5960000e+03   3.6084899e+01  -1.1514908e+02
   2.7270000e+03   3.3101418e+01  -9.6700398e+01
   6.2541000e+04   5.7741893e+01   1.1974884e+01
   5.0991000e+04   3.6066420e+01  -9.4164988e+01
   3.4371000e+04  -3.7865843e+01   1.4497244e+02
   6.9845000e+04   3.8885368e+01  -7.6997682e+01
   5.4039000e+04   5.2520896e+01   1.3414715e+01
   1.5949000e+04   4.7580248e+01  -1.2240642e+02
   1.7524000e+04   2.5123067e+01   1.2153135e+02
   1.1550000e+03   3.3860543e+01  -8.4331913e+01
   1.0731000e+04   3.4085797e+01  -1.1834412e+02
   7.7848000e+04   3.4014924e+01  -1.1849484e+02
   7.6540000e+04   2.4688831e+01   4.6673819e+01
   7.4495000e+04   3.0636194e+01  -9.7677844e+01
   4.0466000e+04   6.2446833e+01   1.7337487e+01
   7.3242000e+04   3.7393874e+01  -1.2207880e+02
   1.5709000e+04  -1.7559510e+01  -1.4961065e+02
   7.1106000e+04   3.0364459e+01  -9.7740214e+01
   3.7008000e+04   4.9728848e+01   1.2164056e+01
   2.3031000e+04   4.9268193e+01  -1.2315035e+02
   6.9459000e+04   4.3568975e+01  -1.1620976e+02
   6.9381000e+04   3.3806502e+01  -1.1791920e+02
   5.8331000e+04   5.9803820e+01   1.0787029e+01
   7.2596000e+04   4.0006054e+01  -1.0526898e+02
   7.9534000e+04   3.7331685e+01  -1.2203066e+02
   6.4643000e+04   4.2022549e+01  -9.3614363e+01
   6.6305000e+04   5.9318449e+01   1.8075625e+01
   3.1767000e+04   5.7708050e+01   1.1937882e+01
   1.6735000e+04   3.2812795e+01  -9.6946953e+01
   8.1741000e+04   3.5783354e+01  -7.8647255e+01
   6.9872000e+04   3.8660653e+01  -9.1760248e+00
   6.1617000e+04   3.9368199e+01  -7.6449404e+01
   9.7800000e+03   3.3211025e+01  -9.6737258e+01
   7.4339000e+04   3.4023843e+01  -1.1839056e+02
   4.0646000e+04   3.5534981e+01   1.3963134e+02
   8.3074000e+04   3.7771304e+01  -1.2248531e+02
   6.5460000e+04   5.1924023e+01   4.4759202e+00
   1.4782000e+04   3.5776086e+01  -7.8593256e+01
   5.5664000e+04   5.5711719e+01   1.3180944e+01
   8.6084000e+04   2.8489944e+01  -8.1591262e+01
   6.6247000e+04   3.2965224e+01  -9.6994013e+01
   5.5028000e+04   5.9647796e+01   1.7927005e+01
   4.2268000e+04   3.7029059e+01  -7.9454499e+00
   1.1153000e+04   3.0310845e+01  -9.7721569e+01
   9.7560000e+03   4.0895735e+01  -7.5604483e+01
   6.1450000e+04   3.7775649e+01  -1.2240289e+02
   8.5345000e+04   2.9602813e+01  -9.8622513e+01
   2.1628000e+04   5.2019273e+01   8.5358727e+00
   5.4858000e+04   5.8147117e+01   7.9973748e+00
   3.3297000e+04   5.7765344e+01   1.4199632e+01
   6.2443000e+04   3.4115944e+01  -1.1793362e+02
   3.2000000e+03   3.4145098e+01  -1.1841482e+02
   4.1546000e+04   4.9483377e+01   8.4627771e+00
   5.6878000e+04   5.1214904e+01   3.2433940e+00
   5.0504000e+04   5.5580485e+01   1.3003221e+01
   1.3830000e+03   4.1929142e+01  -8.7684299e+01
   1.3088000e+04   2.6187233e+01  -9.8228920e+01
   6.4355000e+04   3.8847661e+01  -7.7085564e+01
   5.5220000e+03   3.0265182e+01  -9.7741289e+01
   7.1210000e+04   3.8992085e+01  -9.4698861e+01
   1.5782000e+04   3.0269483e+01  -9.7756906e+01
   4.8998000e+04   4.8893556e+01   1.8039563e+01
   2.2649000e+04   5.9395080e+01   1.7948950e+01
   8.3684000e+04   3.3684957e+01  -1.1716958e+02
   7.7268000e+04   3.8030454e+01  -7.8478857e+01
   2.1088000e+04   5.9346727e+01   1.8046925e+01
   4.7004000e+04   5.7696792e+01   1.1991051e+01
   2.3875000e+04   3.3907223e+01  -8.4481910e+01
   5.4533000e+04   3.4141915e+01  -1.1822399e+02
   6.4780000e+03   2.9996270e+01  -9.5573244e+01
   4.7076000e+04   3.3464860e+01  -8.6825732e+01
   7.8821000e+04   3.0201557e+01  -9.7667127e+01
   6.4862000e+04   3.0269494e+01  -9.7719021e+01
   6.9455000e+04   4.5196321e+01  -9.3337473e+01
   7.8826000e+04   3.9860984e+01  -7.4975156e+01
   6.7320000e+03   3.2707009e+01  -1.1715709e+02
   6.1354000e+04   3.6457449e+01  -6.2054783e+00
   6.3876000e+04   5.1537030e+01   6.8335728e+00
   8.4327000e+04   3.3812403e+01  -1.1791723e+02
   7.9045000e+04   5.6968165e+01   1.6434328e+01
   7.4262000e+04   3.0269450e+01  -9.7742127e+01
   5.2740000e+04   3.0638852e+01  -9.7678156e+01
   8.4383000e+04   2.6138794e+01  -9.7620742e+01
   2.3367000e+04   3.7528979e+01  -1.2225195e+02
   3.2609000e+04   5.1513864e+01  -1.2602091e-01
   1.8882000e+04   3.4056540e+01  -1.1823956e+02
   8.4841000e+04   3.5494075e+01  -9.7531931e+01
   7.1238000e+04   4.0763692e+01  -7.3971954e+01
   4.9777000e+04   6.0054088e+01   6.0178471e+00
   3.8521000e+04   3.4072542e+01  -8.1157851e+01
   1.4408000e+04   5.9329775e+01   1.8070482e+01
   6.1610000e+04   3.8853436e+01  -7.7054458e+01
   9.5100000e+02   3.3553260e+01  -1.1713965e+02
   7.6776000e+04   3.7902594e+01  -1.2252589e+02
   5.3247000e+04   3.3369766e+01  -8.6663696e+01
   1.2329000e+04   4.7578096e+01  -1.2241326e+02
   1.4098000e+04   3.0257640e+01  -9.7759573e+01
   5.5680000e+04   5.9126054e+01   1.4517901e+01
   4.4180000e+04   5.2535821e+01   1.3422051e+01
   9.2480000e+03   3.1023028e+00   1.0164669e+02
   7.6282000e+04   3.7445848e+01  -1.2216185e+02
   5.4592000e+04   3.7748021e+01  -1.2245913e+02
   7.5978000e+04   3.4145603e+01  -1.1809553e+02
   7.3632000e+04   3.8960782e+01  -9.5242883e+01
   6.6776000e+04   3.9055424e+01  -9.5768525e+01
   8.3884000e+04   1.4541149e+01   1.2105603e+02
   3.8474000e+04   1.3386122e+00   1.0388733e+02
   6.1992000e+04   3.1975785e+01   3.5863501e+01
   8.0800000e+03   3.0304273e+01  -9.7726457e+01
   6.5036000e+04   5.0752525e+01   1.5050100e+01
   6.0387000e+04   5.9321280e+01   1.8027471e+01
   5.2299000e+04   3.8850537e+01  -7.7041025e+01
   6.6210000e+03   3.9621278e+01  -1.0489359e+02
   7.8892000e+04   3.4080626e+01  -1.1841427e+02
   6.9627000e+04   4.3672073e+01  -7.9379998e+01
   5.0485000e+04   4.3087067e+01  -7.7586845e+01
   5.7034000e+04   5.1503307e+01  -1.1948705e-01
   7.1221000e+04   2.7315753e+01  -8.0390843e+01
   4.2041000e+04   4.2494148e+01  -8.3432611e+01
   8.0679000e+04   3.8259866e+01  -8.5707023e+01
   6.2902000e+04   5.9312153e+01   1.8079612e+01
   3.4000000e+01   3.3882771e+01  -8.4009041e+01
   1.2815000e+04   2.4750619e+01   4.6686425e+01
   6.2577000e+04   4.7619777e+01  -1.2232166e+02
   4.8090000e+04   3.9864128e+01  -7.4959186e+01
   7.3596000e+04   3.7792675e+01  -1.2240624e+02
   7.8250000e+04   3.6163174e+01  -1.1515843e+02
   8.3566000e+04   4.2546860e+01  -8.3215503e+01
   9.3850000e+03   3.2790503e+01  -9.6810343e+01
   2.7295000e+04   5.1482925e+01   1.1968494e+01
   6.8943000e+04   3.0341679e+01  -9.7752959e+01
   7.1031000e+04   4.0726242e+01  -7.4004958e+01
   4.3010000e+04   2.8329514e+01  -8.1534444e+01
   5.3621000e+04   5.0912697e+01   6.9455588e+00
   6.9522000e+04   3.8200176e+01  -8.5688867e+01
   7.0070000e+04   3.8628712e+01  -9.0270839e+01
   8.6005000e+04   3.0269600e+01  -9.7740715e+01
   6.7233000e+04   5.9299108e+01   1.8080760e+01
   3.9070000e+03   2.7694091e+01  -9.7340696e+01
   6.7339000e+04   5.9305127e+01   1.8090191e+01
   7.8405000e+04   5.3616405e+01   1.0385367e+01
   2.2324000e+04   2.2304115e+01   1.1416107e+02
   6.4637000e+04   4.1506201e+01  -8.1610071e+01
   6.1499000e+04   4.9275691e+01  -1.2312167e+02
   5.0873000e+04   4.2362611e+01  -7.1090587e+01
   3.9762000e+04   6.0193511e+01   1.1098251e+01
   1.5141000e+04   3.3479468e+01  -8.6790320e+01
   4.8369000e+04   5.1527196e+01  -8.6809633e-02
   5.7525000e+04   3.0293704e+01  -9.7741800e+01
   8.5018000e+04   3.7781879e+01  -1.2240446e+02
   5.7455000e+04   5.1563508e+01   6.6599202e-01
   7.0166000e+04   3.8673568e+01  -8.9361531e+00
   1.1493000e+04   3.3809413e+01  -1.1792366e+02
   6.0740000e+03   3.0215503e+01  -9.7839696e+01
   6.6147000e+04   3.7798526e+01  -1.2244951e+02
   6.9837000e+04   2.5251101e+01   5.5358520e+01
   6.4892000e+04   4.0060239e+01  -7.6319780e+01
   6.1947000e+04   3.8610375e+01  -9.0362233e+01
   9.1700000e+02   3.0459675e+01  -9.7790165e+01
   5.0128000e+04   6.0609053e+01   1.5655582e+01
   7.6712000e+04   3.9938675e+01  -7.5027565e+01
   7.8983000e+04   3.6034515e+01  -1.1511898e+02
   7.3780000e+03   3.3116288e+01  -9.6651686e+01
   4.1270000e+04   5.0941299e+01   6.9581223e+00
   7.0317000e+04   4.8137701e+01   1.1579933e+01
   8.6800000e+03   4.1903552e+01  -7.1035276e+01
   4.4294000e+04   2.9984955e+01  -9.5335279e+01
   3.5800000e+03   3.5913065e+01  -7.9056428e+01
   6.3238000e+04   2.4745791e+01   4.6660336e+01
   6.2837000e+04   3.0265839e+01  -9.7746460e+01
   6.0508000e+04   6.5822672e+01   2.1685313e+01
   5.1860000e+03   3.5107802e+01  -8.2218485e+01
   7.1231000e+04   4.2301379e+01  -7.1116576e+01
   9.4210000e+03   5.9200714e+01   1.8199149e+01
   7.3794000e+04   4.0233838e+01  -1.1165902e+02
   7.7994000e+04   3.6063289e+01  -9.5881773e+01
   7.9660000e+04   2.7498004e+01  -8.2712869e+01
   7.9296000e+04   2.1382629e+01  -1.5793776e+02
   6.0654000e+04   5.9341813e+01   1.8094668e+01
   4.3824000e+04   3.2897462e+01  -9.7040348e+01
   1.6424000e+04   3.3862298e+01  -1.1840079e+02
   3.5148000e+04   5.2352667e+01   4.6672921e+00
   5.3220000e+03   3.8913310e+01  -9.4648682e+01
   2.0761000e+04   3.3679216e+01  -9.6612321e+01
   1.2309000e+04   3.7616356e+01  -1.2238615e+02
   7.0350000e+04   5.7666512e+01   1.1892830e+01
   6.5320000e+04   5.9309319e+01   1.8087420e+01
   6.4918000e+04   4.9478923e+01   1.0985314e+01
   5.0196000e+04   5.9857947e+01   1.7631673e+01
   7.5246000e+04   5.9337414e+01   1.8074194e+01
   6.9999000e+04   3.5944237e+01  -8.3980019e+01
   1.3340000e+04   3.9736705e+01  -1.0498446e+02
   4.3011000e+04   4.8893559e+01   9.1905677e+00
   4.4896000e+04   5.1357938e+01   3.3095355e+00
   4.8843000e+04   3.7808241e+01  -1.2226854e+02
   8.2072000e+04   3.6964376e+01  -1.2201766e+02
   2.2780000e+03   3.3630797e+01  -1.1791209e+02
   3.4415000e+04   2.1476691e+01   3.9227490e+01
   7.1700000e+02   3.8226348e+01  -8.5730685e+01
   5.0535000e+04   3.3679113e+01  -1.1786127e+02
   5.7531000e+04   5.9870581e+01   1.0656269e+01
   8.4003000e+04   3.6133646e+01  -9.5921277e+01
   5.1908000e+04   5.1223152e+01   6.7827809e+00
   6.9047000e+04   4.3645700e+01  -7.9391318e+01
   5.8549000e+04   5.7704344e+01   1.1960985e+01
   4.9080000e+03   3.1435160e+00   1.0171234e+02
   2.5415000e+04   3.4028762e+01  -1.1840225e+02
   2.2668000e+04  -2.7469704e+01   1.5302538e+02
   5.5718000e+04   3.7322621e+01  -1.2205960e+02
   4.2535000e+04   3.9414463e+01  -7.5020185e+01
   6.7910000e+04   3.5023751e+01  -8.5158640e+01
   7.6491000e+04   4.1978029e+01  -8.7903671e+01
   6.1216000e+04   5.5725280e+01   1.3177894e+01
   6.1342000e+04   4.0776349e+01  -7.3972621e+01
   8.5730000e+03   2.8032551e+01  -8.0621955e+01
   7.8716000e+04   5.7719885e+01   1.2031231e+01
   6.4088000e+04   4.1628972e+01  -9.3699794e+01
   6.1208000e+04   6.0438500e+01   5.6342251e+00
   3.7188000e+04   5.9319361e+01   1.8064948e+01
   6.6913000e+04   2.5788121e+01  -8.0389352e+01
   5.5421000e+04   5.1979956e+01   8.4789697e+00
   2.3157000e+04   3.2493289e+01  -9.9806231e+01
   4.9493000e+04   1.3690887e+01   1.0050472e+02
   7.1452000e+04   3.0481013e+01  -9.7679108e+01
   6.2488000e+04   3.9751677e+01  -8.9707114e+01
   6.6186000e+04   1.8466805e+01  -6.6105949e+01
   8.5331000e+04   3.0265489e+01  -9.7748666e+01
   2.5565000e+04   5.8162261e+01   1.3550949e+01
   6.4053000e+04   3.8808881e+01  -7.7116561e+01
   3.8070000e+03   4.5518831e+01  -1.2268123e+02
   6.8601000e+04   3.8894472e+01  -7.7429651e+01
   7.1807000e+04   5.9193961e+01   1.7748156e+01
   1.5843000e+04   3.5043098e+01  -8.5158211e+01
   4.2223000e+04   5.2370393e+01   4.8857134e+00
   1.0924000e+04   4.1952602e+01  -8.7647619e+01
   4.2448000e+04   3.7925961e+01  -1.2205154e+02
   4.6158000e+04   3.9900569e+01   3.2690530e+01
   4.2742000e+04   3.7616356e+01  -1.2238615e+02
   5.3954000e+04   4.7072997e+01   1.5436293e+01
   6.7639000e+04   3.7482979e+01  -1.2194103e+02
   6.3709000e+04   5.8538055e+01   1.4505412e+01
   7.4656000e+04   3.2629739e+01  -1.1696557e+02
   6.4746000e+04   3.7588834e+01  -1.2232781e+02
   4.2170000e+04   5.4049408e+00   1.0029007e+02
   8.3710000e+04   3.2789438e+01  -9.6808706e+01
   5.7004000e+04   3.3130639e+01  -9.6794199e+01
   6.7824000e+04   5.3135917e+01  -1.1980070e+00
   5.0171000e+04   4.9181752e+01   1.6605360e+01
   4.8479000e+04   3.3077689e+01  -9.6821072e+01
   6.0190000e+03   4.1886410e+01  -8.7626267e+01
   4.7720000e+03   5.1132072e+01  -1.1411311e+02
   2.6979000e+04   5.9298464e+01   1.7991985e+01
   2.8384000e+04   4.8462215e+01   7.9323008e+00
   6.2430000e+03   3.3170273e+01  -9.6642892e+01
   6.6999000e+04   5.9343701e+01   1.8055632e+01
   4.2269000e+04  -3.3877257e+01   1.5120686e+02
   6.6960000e+04   3.0266592e+01  -9.7736746e+01
   1.0319000e+04   4.9251152e+01  -1.2307805e+02
   1.4234000e+04   1.3389167e+00   1.0370521e+02
   7.0398000e+04   2.9737318e+01  -9.5517957e+01
   1.4380000e+04   1.3470588e+01   1.4475574e+02
   4.7569000e+04   3.2799962e+01  -9.7283158e+01
   5.6067000e+04   4.8982020e+01   8.3668292e+00
   5.5546000e+04   5.9910759e+01   1.0732593e+01
   6.1187000e+04   3.2009194e+01  -9.7097328e+01
   4.8686000e+04   4.4833527e+01  -9.3291231e+01
   4.4594000e+04   5.0779241e+01   4.2402077e+00
   3.1621000e+04   5.9512684e+01   1.7737770e+01
   7.1609000e+04   3.3852651e+01  -8.4362801e+01
   3.0421000e+04   3.2677079e+01  -1.1709144e+02
   7.8688000e+04   3.2916901e+01  -9.6781334e+01
   7.9514000e+04   3.0198041e+01  -9.7769256e+01
   4.9040000e+04   4.2438104e+01  -8.8080761e+01
   6.4984000e+04   5.9373572e+01   1.7622328e+01
   6.4898000e+04   5.7670873e+01   1.1931624e+01
   2.4700000e+03   3.3906700e+01  -1.1839020e+02
   7.5680000e+03   3.3670089e+01  -1.1795316e+02
   6.7926000e+04   3.0247740e+01  -9.7771193e+01
   8.3286000e+04   2.8597676e+01  -8.1243119e+01
   3.5690000e+03   3.7805938e+01  -1.2242258e+02
   6.0846000e+04   5.9930549e+01   1.1180928e+01
   5.2234000e+04   5.9317737e+01   1.8063792e+01
   6.8807000e+04   5.2367839e+01  -2.0474573e+00
   2.2570000e+04   1.3697693e+01   1.0053771e+02
   6.4978000e+04   3.6844423e+01  -7.6071958e+01
   7.7549000e+04   4.9562495e+01   8.1628311e+00
   6.0691000e+04   3.5480928e+01  -9.7548119e+01
   5.2250000e+04   5.0164352e+01  -5.1326591e+00
   8.4915000e+04   3.6159393e+01  -1.1533223e+02
   2.0200000e+02   5.6350999e+01   1.3733063e+01
   8.2633000e+04   3.2837777e+01  -9.7134921e+01
   8.1078000e+04   3.5500780e+01  -9.7520772e+01
   5.4154000e+04   3.9751677e+01  -8.9707114e+01
   1.1449000e+04   3.3637650e+01  -1.1759034e+02
   4.4765000e+04   5.5610530e+01   1.2972544e+01
   8.7580000e+03   3.5165198e+01  -8.4876308e+01
   6.5670000e+04   4.5551395e+01  -7.3570071e+01
   6.0972000e+04   4.0412085e+01  -1.0469141e+02
   5.0357000e+04   1.3106720e+00   1.0379547e+02
   5.2406000e+04   5.2541102e+01   1.3402290e+01
   4.3770000e+03   3.9973212e+01  -8.2929690e+01
   9.4330000e+03   3.7781914e+01  -1.2240985e+02
   8.2785000e+04   5.1221199e+01   6.7859204e+00
   5.8119000e+04   4.7276319e+01   8.5781157e+00
   6.5956000e+04   5.7983312e+01   1.1844260e+01
   5.2325000e+04   5.3045606e+01   8.7357103e+00
   5.6577000e+04   5.1402639e+01   7.0678461e+00
   4.7450000e+03   3.2761721e+01  -9.7252878e+01
   7.4339000e+04   3.2835823e+01  -9.6956052e+01
   3.7200000e+03   4.3628179e+01  -8.4227400e+01
   1.3962000e+04   3.7786697e+01  -1.2240823e+02
   7.5958000e+04   2.8447330e+01  -8.1396241e+01
   5.7968000e+04   5.9169584e+01   1.8140423e+01
   6.0195000e+04   4.0720656e+01  -7.3951550e+01
   8.3125000e+04   1.3475935e+01   1.4475073e+02
   3.8275000e+04   5.0929108e+01   5.3427780e+00
   6.4422000e+04   5.7726897e+01   1.1929586e+01
   8.2994000e+04   5.9334214e+01   1.8070961e+01
   6.1957000e+04   3.4005618e+01  -8.1035890e+01
   6.4894000e+04   2.4704714e+01   4.6676057e+01
   1.7181000e+04   3.7763098e+01  -1.2242412e+02
   4.0470000e+03   4.7605894e+01  -1.2231430e+02
   6.0060000e+04   4.0026012e+01  -8.3014541e+01
   8.4335000e+04   3.7331880e+01  -1.2202963e+02
   5.2417000e+04   4.5805903e+01   1.5984453e+01
   4.3539000e+04   3.2901564e+01  -8.0026973e+01
   3.3843000e+04   5.8304551e+01   1.2521038e+01
   8.5950000e+03   4.5530057e+01  -1.2269003e+02
   1.3498000e+04   3.7757195e+01  -1.2238716e+02
   2.1460000e+03   4.1918490e+01  -8.7637761e+01
   6.0191000e+04   4.4021205e+01  -9.2464199e+01
   5.5129000e+04   3.9057613e+01  -9.4605882e+01
   9.5350000e+03   3.7616356e+01  -1.2238615e+02
   8.4544000e+04   2.9749679e+01  -9.5385559e+01
   6.9510000e+03   3.3912496e+01  -1.1788811e+02
   3.9680000e+03  -1.2113086e+01  -7.6990793e+01
   5.6090000e+04   2.5764719e+01  -8.0189836e+01
   7.8354000e+04   4.6723641e+01  -1.1716292e+02
   7.1615000e+04   4.0304720e+01  -1.1169825e+02
   4.1528000e+04   3.3785359e+01  -8.4386322e+01
   6.6115000e+04   3.2830460e+01  -9.7199417e+01
   7.7346000e+04   3.2366992e+01  -9.4869848e+01
   4.1219000e+04   3.8890464e+01  -7.7086379e+01
   1.4789000e+04   3.8909855e+01  -9.4760296e+01
   6.7253000e+04   4.9482708e+01   8.4776849e+00
   7.1421000e+04   5.9323847e+01   1.8097742e+01
   4.6628000e+04   3.4852957e+01  -8.2397611e+01
   8.0264000e+04   3.9680361e+01  -1.0498749e+02
   7.3940000e+03   3.7780197e+01  -1.2248304e+02
   6.9359000e+04   3.0285114e+01  -9.7712107e+01
   6.3791000e+04   4.2396147e+01  -7.1141308e+01
   4.1584000e+04   5.9870653e+01   1.7626920e+01
   5.6925000e+04   5.5603426e+01   1.2981276e+01
   6.9190000e+03   1.3756403e+01   1.0056797e+02
   3.2728000e+04   5.5958240e+01  -3.1894416e+00
   2.7949000e+04   5.0741695e+01   6.1707666e+00
   2.0320000e+04   5.7707806e+01   1.1961260e+01
   5.7444000e+04   2.9956559e+01  -9.0067598e+01
   4.5588000e+04   5.7693582e+01   1.4091611e+01
   3.9775000e+04   5.5862017e+01   1.3656019e+01
   8.0621000e+04   3.8627224e+01  -9.0189778e+01
   4.3750000e+03   1.9424370e+01  -9.9178708e+01
   9.2430000e+03   3.0391325e+01  -8.6440290e+01
   9.6940000e+03   3.4704309e+01  -1.1361091e+02
   7.3086000e+04   3.7756160e+01  -1.2225012e+02
   6.5391000e+04   3.2524321e+01  -9.4783082e+01
   6.0140000e+03   2.6067576e+01  -8.0355366e+01
   1.8895000e+04   5.9607786e+01   1.6551886e+01
   6.2210000e+04   5.7773314e+01   1.4157488e+01
   1.2630000e+03   3.3504429e+01  -1.0190283e+02
   1.4552000e+04   4.0509333e+01  -7.4273844e+01
   2.7459000e+04   5.5777418e+01   3.7581348e+01
   6.1798000e+04   7.0079085e+01   2.9756803e+01
   7.3392000e+04   3.3474238e+01  -8.6769333e+01
   2.9594000e+04   5.9313038e+01   1.8079649e+01
   8.6255000e+04   5.1064540e+01  -1.1408920e+02
   7.4877000e+04   3.2850291e+01  -1.1727289e+02
   4.3919000e+04   5.9327624e+01   1.8017900e+01
   5.0435000e+04   5.3331768e+01   1.0042133e+01
   2.8770000e+03   4.1943875e+01  -8.7645182e+01
   2.4063000e+04   3.7563494e+01   1.2694242e+02
   2.0925000e+04   5.9914447e+01   1.0752664e+01
   5.6408000e+04   4.2779924e+01  -7.1517395e+01
   7.2817000e+04   2.9780882e+01  -9.5204272e+01
   8.0498000e+04   3.0366237e+01  -9.5486431e+01
   6.7608000e+04   3.0201557e+01  -9.7667127e+01
   6.2527000e+04   4.0730259e+01  -7.3991176e+01
   7.2487000e+04   3.8656102e+01  -9.0305829e+01
   7.3047000e+04   4.5525044e+01  -1.2268033e+02
   8.1302000e+04   3.8790607e+01  -9.0414086e+01
   5.0729000e+04   4.7557545e+01   1.0749768e+01
   8.4954000e+04   2.9876377e+01  -9.5561019e+01
   4.8110000e+03   3.0404279e+01  -9.7674799e+01
   6.4337000e+04   5.1327313e+01   3.1716692e+00
   2.4630000e+03   4.5511805e+01  -1.2262547e+02
   8.5008000e+04   2.1348743e+01  -1.5793058e+02
   6.9392000e+04   4.3396322e+01  -7.9748432e+01
   4.1134000e+04   6.0149249e+01   1.5193271e+01
   6.2368000e+04   2.9771387e+01  -9.5228481e+01
   2.5660000e+03   3.5796775e+01  -9.0677228e+01
   1.6290000e+03   4.3024728e+01  -8.8241428e+01
   4.6867000e+04   4.0799229e+01  -7.3966627e+01
   6.5585000e+04   3.8573585e+01  -8.9928439e+01
   1.8126000e+04   3.2763403e+01  -9.7075938e+01
   6.2003000e+04   3.0262388e+01  -9.7761583e+01
   8.3703000e+04   3.3217774e+01  -9.7161771e+01
   7.0119000e+04   3.9477568e+01  -8.8358059e+01
   8.3527000e+04   3.2939664e+01  -9.7230706e+01
   6.6684000e+04   5.5705348e+01   1.3189130e+01
   6.9357000e+04   5.5721625e+01   1.3217492e+01
   5.2141000e+04   5.5714827e+01   1.3036348e+01
   6.1686000e+04   3.8972332e+01  -9.5237390e+01
   6.4254000e+04   5.9327228e+01   1.8049369e+01
   6.1447000e+04   2.1628339e+01   3.9111564e+01
   8.0535000e+04   4.2348279e+01  -8.8076685e+01
   7.7420000e+04   3.7798827e+01  -1.2240802e+02
   6.1634000e+04   5.9358456e+01   1.7882478e+01
   1.5153000e+04   3.0270192e+01  -9.7743178e+01
   4.0640000e+04   1.0772477e+01   1.0669644e+02
   6.4133000e+04   4.0710605e+01  -7.4010741e+01
   3.4978000e+04   3.7361869e+01  -7.9165764e+01
   5.3351000e+04   5.5629681e+01   1.3187274e+01
   7.8330000e+04  -3.3972005e+01   1.5089329e+02
   5.7705000e+04   5.1847028e+01   5.8639832e+00
   1.6177000e+04   2.9781891e+01  -9.5560024e+01
   2.2489000e+04   5.9914881e+01   1.0730467e+01
   5.9432000e+04   3.2834090e+01  -9.6701381e+01
   7.2347000e+04   3.9944514e+01  -7.5163264e+01
   5.5500000e+04   5.6169411e+01   1.4864776e+01
   6.2290000e+03   3.0248137e+01  -9.7771491e+01
   1.9529000e+04  -3.3870885e+01   1.5120888e+02
   6.5614000e+04   3.0268707e+01  -9.7741220e+01
   2.3281000e+04   3.1185496e+01   1.2147148e+02
   1.1861000e+04   3.4216254e+01  -1.1903836e+02
   4.0900000e+03   3.7710998e+01  -9.7365240e+01
   6.5159000e+04   4.1526895e+01  -9.3635629e+01
   7.3945000e+04  -2.2905364e+01  -4.3552116e+01
   3.8407000e+04   5.4617609e+01  -5.9169581e+00
   7.1201000e+04   3.2779590e+01  -9.6759639e+01
   5.8462000e+04   3.7502450e+01   1.2702526e+02
   6.4556000e+04   3.3453280e+01  -1.1206896e+02
   2.8921000e+04   5.9262613e+01   1.8077193e+01
   3.3677000e+04   5.9330158e+01   1.8058079e+01
   6.5620000e+03   2.1302614e+01  -1.5785901e+02
   5.9780000e+04   4.4883463e+01  -9.3214434e+01
   6.0113000e+04   3.2672498e+01  -9.7360829e+01
   4.6118000e+04   3.3638633e+01  -8.4437141e+01
   2.1091000e+04   4.9758585e+01   1.3371975e+01
   6.4594000e+04   3.2894284e+01  -1.1712072e+02
   8.2655000e+04   3.9973096e+01  -8.3003535e+01
   6.4329000e+04   4.1249021e+01  -9.6048155e+01
   5.0601000e+04   5.2509130e+01  -1.8849277e+00
   2.7033000e+04   3.1231675e+01   1.2145489e+02
   6.0386000e+04   5.9518991e+01   1.7911266e+01
   8.0108000e+04   3.3747534e+01  -8.4376146e+01
   1.8841000e+04   3.0267759e+01  -9.7741284e+01
   6.8852000e+04   3.2934423e+01  -9.7212833e+01
   6.9086000e+04   5.3562902e+01   9.9655270e+00
   5.0960000e+04   3.5399160e+01  -9.7540052e+01
   3.1200000e+04   5.9340119e+01   1.8090450e+01
   8.3800000e+02   3.5689518e+01  -1.0593719e+02
   1.9644000e+04   3.4020861e+01  -1.1848972e+02
   5.4520000e+04   2.8392826e+01  -8.1570804e+01
   6.8422000e+04   3.4205252e+01  -1.1822606e+02
   5.5644000e+04   5.1187714e+01   6.7931241e+00
   5.9708000e+04   2.6347320e+01  -8.1804477e+01
   4.1404000e+04   5.1502599e+01  -1.1323214e-01
   5.5615000e+04   2.9537717e+01  -9.8521322e+01
   8.2050000e+03   3.3348446e+01  -8.4081287e+01
   2.9511000e+04   5.1496324e+01  -1.4364027e-01
   6.8664000e+04   6.0674316e+01   1.7141191e+01
   3.4267000e+04   5.9330935e+01   1.8059249e+01
   6.9609000e+04   3.4133681e+01  -1.1763657e+02
   7.9658000e+04   2.1606327e+01   3.9233377e+01
   8.0850000e+04   4.5514081e+01  -7.3534406e+01
   2.6570000e+03   2.1308047e+01  -1.5785291e+02
   1.7414000e+04   4.7675460e+01  -1.2231510e+02
   3.6969000e+04   5.9265961e+01   1.8075132e+01
   1.9660000e+04   4.5555422e+01   5.9527910e+00
   5.4700000e+04   4.3605505e+01  -1.1620661e+02
   5.5941000e+04   3.6316457e+01  -8.2352617e+01
   2.4570000e+03   3.7731347e+01  -1.2095907e+02
   8.0744000e+04   3.2779590e+01  -9.6759639e+01
   8.1914000e+04   3.7777389e+01  -1.2239515e+02
   9.0030000e+03   3.4150253e+01  -1.1808233e+02
   8.6135000e+04   3.7446797e+01  -1.2216064e+02
   4.7754000e+04   3.0312853e+01  -9.7738551e+01
   5.3203000e+04   2.9983970e+01  -9.0257835e+01
   6.2585000e+04   5.9328817e+01   1.8046068e+01
   7.9542000e+04   2.9822949e+01  -9.7989597e+01
   5.9091000e+04   3.7783132e+01  -1.2239255e+02
   6.4390000e+04   4.2342868e+01  -7.1053883e+01
   4.6775000e+04   6.0397517e+01   5.3232515e+00
   4.2289000e+04   4.4251240e+01   2.8621273e+01
   7.9326000e+04   3.3814148e+01  -1.1792467e+02
   5.1030000e+03   3.5652370e+01  -9.7515603e+01
   8.0410000e+04   3.8307979e+01  -8.5590266e+01
   1.9610000e+03   3.7779102e+01  -1.2241431e+02
   5.6948000e+04   5.9345726e+01   1.8058691e+01
   3.2279000e+04   5.2371364e+01   5.2210398e+00
   6.3194000e+04   4.1827576e+01  -8.7820622e+01
   5.6178000e+04   4.1575220e+01  -8.3661419e+01
   6.0667000e+04   3.8893849e+01  -7.7078868e+01
   6.6785000e+04   5.1937456e+01   8.8745701e+00
   7.7129000e+04   5.1706402e+01  -8.5230732e+00
   5.5980000e+04   3.3989555e+01  -8.0980728e+01
   8.5015000e+04   2.9298214e+01  -9.4778251e+01
   2.0610000e+03   4.0734844e+01  -7.3991348e+01
   1.7850000e+03   4.2029711e+01  -8.8336204e+01
   4.4331000e+04   6.2301623e+01   1.7376251e+01
   1.3258000e+04   3.9977481e+01  -1.0478577e+02
   1.2295000e+04   3.7368593e+01  -1.2203656e+02
   6.5795000e+04   3.9795283e+01  -8.9696297e+01
   7.0716000e+04   3.2755407e+01  -9.7331686e+01
   7.7371000e+04   4.0748444e+01  -7.3985732e+01
   6.2272000e+04   4.8778231e+01   9.1205192e+00
   6.1840000e+04   5.5599712e+01   1.3031776e+01
   3.4944000e+04   4.9474564e+01   8.6620116e+00
   7.1693000e+04   5.9312515e+01   1.8075630e+01
   1.2283000e+04   3.7368231e+01   1.2710660e+02
   9.4750000e+03   3.7703294e+01  -1.2188517e+02
   5.3303000e+04   3.5042500e+01  -8.5076682e+01
   3.9877000e+04   5.1236029e+01   3.2166392e+00
   2.4397000e+04   3.4085812e+01  -1.1838307e+02
   5.3966000e+04   4.0585786e+01  -7.4619155e+01
   6.1391000e+04   5.9316889e+01   1.8064002e+01
   6.2700000e+03   4.2430842e+01  -1.2333100e+02
   4.3195000e+04   5.2093124e+01   5.1217461e+00
   3.2028000e+04   4.0750354e+01  -7.3992931e+01
   4.7650000e+03   3.5103155e+01  -1.0656811e+02
   6.5242000e+04   3.9144112e+01  -8.4622391e+01
   9.5710000e+03   3.2365694e+01  -8.8668751e+01
   2.3765000e+04   4.2274864e+01  -8.3734177e+01
   2.3641000e+04   1.3783239e+01   1.0054646e+02
   1.6547000e+04   2.4693347e+01   4.6777446e+01
   6.2389000e+04   3.2798750e+01  -9.6684623e+01
   7.6469000e+04   3.9837393e+01  -8.9603619e+01
   2.3270000e+04   5.0897078e+01   4.4770145e+00
   5.7660000e+04   2.8574210e+01  -8.1208277e+01
   1.2800000e+03   3.5785443e+01  -7.8646853e+01
   6.0226000e+04   3.9041837e+01  -9.4591405e+01
   7.5451000e+04   4.6212403e+01  -1.1922593e+02
   1.4635000e+04   3.7762399e+01  -1.2241929e+02
   6.1166000e+04   5.5565218e+01   1.2976098e+01
   3.7372000e+04   1.8528723e+00   1.0292760e+02
   2.0340000e+04   5.9389786e+01   1.3492070e+01
   7.3499000e+04   5.1048943e+01   3.7311138e+00
   1.0109000e+04   2.0919699e+01  -1.5669570e+02
   1.3736000e+04   2.8766037e+01  -8.1291977e+01
   1.6690000e+03   3.4729766e+01  -8.6787588e+01
   6.6146000e+04   6.3394685e+01   1.0468956e+01
   3.2070000e+04   5.7011888e+01   1.6821498e+01
   4.6830000e+04   3.9094543e+01  -8.4264030e+01
   5.7277000e+04   5.1355420e+01   6.6424397e+00
   8.3996000e+04   3.0265294e+01  -9.7739353e+01
   8.1534000e+04   5.6875932e+01   1.4809884e+01
   3.2202000e+04   4.9493364e+01   1.0781568e+01
   8.6510000e+03   4.5514993e+01  -7.3565333e+01
   8.4537000e+04   2.8553621e+01  -8.1206339e+01
   7.8393000e+04   2.1286559e+01  -1.5781287e+02
   7.1780000e+03   3.8711174e+01  -9.1429672e+00
   6.5705000e+04   4.3652480e+01  -7.9378967e+01
   1.3986000e+04   3.5640718e+01   1.3975056e+02
   1.8862000e+04   2.1643883e+01  -1.5806367e+02
   7.2840000e+04   5.3445031e+01  -2.0395436e+00
   5.8200000e+02   3.4137833e+01  -1.1835512e+02
   5.8950000e+03   4.5450032e+01  -1.2272379e+02
   6.1005000e+04   4.0741374e+01  -7.3988105e+01
   6.1031000e+04   3.0233028e+01  -9.7821466e+01
   8.5319000e+04   3.3746638e+01  -8.4372744e+01
   2.8846000e+04   5.7489386e+01   1.2080420e+01
   8.5604000e+04   5.9315696e+01   1.8032738e+01
   6.1028000e+04   4.9469714e+01   1.1101513e+01
   9.4940000e+03   2.5783389e+01  -8.0189558e+01
   2.8726000e+04   5.3209329e+01   6.5860999e+00
   4.0255000e+04   5.2036555e+01   8.5621973e+00
   4.0000000e+02   4.3037460e+01  -8.8134685e+01
   6.8052000e+04   3.2780543e+01  -9.6757563e+01
   5.8025000e+04   5.7989210e+01   1.1540457e+01
   2.5354000e+04   5.9423144e+01   2.4745065e+01
   2.3479000e+04   5.7773217e+01   1.1998959e+01
   8.0637000e+04   3.6775376e+01  -7.6051183e+01
   4.4942000e+04   5.9320201e+01   1.8071169e+01
   5.9884000e+04   5.9305522e+01   1.7989211e+01
   5.2465000e+04   5.5958852e+01  -3.1901979e+00
   1.3907000e+04   3.4123661e+01  -1.1821468e+02
   5.8915000e+04   5.2100194e+01   5.1191333e+00
   4.4757000e+04   2.9466422e+01  -9.8695917e+01
   4.9740000e+03   4.0803805e+01  -7.3993625e+01
   8.1150000e+03   3.5262476e+01  -9.7486260e+01
   2.4298000e+04   3.8935581e+01  -9.5673479e+01
   6.9961000e+04   3.5082824e+01  -1.0662983e+02
   5.9911000e+04   4.5760987e+01   4.8576271e+00
   5.8822000e+04   4.3136147e+01  -8.9345708e+01
   7.5745000e+04   3.7251662e+01  -1.2192422e+02
   4.9065000e+04   4.0728082e+01  -7.3990922e+01
   2.7131000e+04   8.1075183e+00   9.8305943e+01
   6.8898000e+04   5.9295308e+01   1.8667692e+01
   8.5765000e+04   4.2048034e+01  -8.8096833e+01
   6.9341000e+04   3.4056504e+01  -1.1718642e+02
   2.5726000e+04   5.0350629e+01   7.5624906e+00
   6.8392000e+04   6.1239400e+01  -1.4981899e+02
   7.0005000e+04   5.1510311e+01  -1.2727538e-01
   5.7314000e+04   5.8280056e+01   1.2316296e+01
   6.3080000e+04   4.7402118e+01   8.5351002e+00
   7.9055000e+04   3.9163721e+01  -8.4515697e+01
   8.4039000e+04   3.3761329e+01  -1.1813856e+02
   2.9681000e+04   5.0052868e+01   8.5702801e+00
   6.9502000e+04   3.0526103e+01  -9.7834112e+01
   7.3640000e+04   4.7808219e+01   9.6471763e+00
   5.8801000e+04   4.2715713e+01  -7.1115874e+01
   6.4401000e+04   3.2919907e+01  -9.7116771e+01
   6.1160000e+04   3.6841092e+01  -1.1978520e+02
   2.7006000e+04   2.5017067e+01   1.2153309e+02
   7.3300000e+03   2.5727733e+01  -8.0243274e+01
   5.0258000e+04   4.0106473e+01  -8.3136331e+01
   4.0700000e+03   3.4136344e+01  -1.1797817e+02
   4.9674000e+04   4.2299504e+01  -7.1262710e+01
   1.3032000e+04   3.8253218e+01  -8.5754160e+01
   1.4835000e+04   3.0265628e+01  -9.7740791e+01
   3.3500000e+03   5.9338320e+01   1.8034538e+01
   1.3420000e+04   3.5861666e+01   1.4010747e+02
   5.3474000e+04  -3.3893333e+01   1.5118321e+02
   6.5929000e+04   3.2911888e+01  -9.7314478e+01
   4.7584000e+04   5.9910911e+01   1.0750669e+01
   6.2327000e+04   3.8956273e+01  -9.4722899e+01
   8.2496000e+04   3.9095144e+01  -8.4495555e+01
   5.9086000e+04   3.6026429e+01  -8.6789879e+01
   3.9074000e+04   2.5252133e+01   5.5331692e+01
   7.3116000e+04   3.0444566e+01  -9.7743383e+01
   6.8088000e+04   2.8552163e+01  -8.1348950e+01
   7.3770000e+04   3.6120752e+01  -1.1517397e+02
   5.3160000e+04   5.3482151e+01  -2.2432943e+00
   6.8604000e+04   2.9958224e+01  -9.0161125e+01
   4.2876000e+04   5.1747850e+01  -4.7285199e-01
   6.5488000e+04   4.3627042e+01  -1.1624456e+02
   6.1861000e+04   4.0155959e+01  -7.5863255e+01
   2.6290000e+03   3.0272372e+01  -9.8871203e+01
   6.4923000e+04   4.0665908e+01  -7.3982764e+01
   7.4342000e+04   5.7642102e+01   1.8296354e+01
   5.5221000e+04   1.9186795e+01   7.2835155e+01
   7.0262000e+04   4.2532138e+01  -7.1745076e+01
   7.6204000e+04   3.0311043e+01  -9.7742915e+01
   7.8077000e+04   3.5190807e+01  -1.0188115e+02
   2.4279000e+04   5.9166793e+01   1.8134138e+01
   5.6598000e+04   5.9266067e+01   1.0407357e+01
   7.3209000e+04   3.7880424e+01  -1.2251820e+02
   2.0125000e+04   3.2761441e+01  -1.1714672e+02
   6.7096000e+04   5.7704537e+01   1.1965356e+01
   4.7844000e+04   3.0268260e+01  -9.7742958e+01
   5.1318000e+04   5.9324175e+01   1.8069351e+01
   6.8013000e+04   4.2528433e+01  -8.7917050e+01
   5.2124000e+04   4.3657277e+01  -7.9455277e+01
   5.4710000e+04   3.5831321e+01  -8.3568510e+01
   5.1504000e+04   2.5814296e+01  -8.0190785e+01
   5.8445000e+04   3.9963651e+01  -7.4185692e+01
   7.6980000e+03   3.3803113e+01  -1.1788612e+02
   2.2512000e+04   2.0998670e+01  -1.5666703e+02
   5.0991000e+04   3.3638929e+01  -1.1186349e+02
   6.9080000e+03   3.2905136e+01  -1.1724358e+02
   4.4607000e+04   6.1052950e+01   1.5202170e+01
   6.8738000e+04   3.0179474e+01  -9.2073204e+01
   5.6400000e+03   2.2229113e+01   1.1419931e+02
   5.5322000e+04   4.5335039e+01   1.4308327e+01
   2.6145000e+04   4.9792146e+01   1.0033479e+01
   5.3355000e+04   3.2810430e+01  -9.7426220e+01
   1.1870000e+03   3.2929985e+01  -9.6661110e+01
   7.1941000e+04   3.0307934e+01  -9.7709000e+01
   4.0019000e+04   5.9128560e+01   1.7479277e+01
   6.3659000e+04   5.5583615e+01   1.2987766e+01
   1.2360000e+03   4.0727221e+01  -7.3984980e+01
   1.6514000e+04   3.0201557e+01  -9.7667127e+01
   2.1862000e+04   5.3196161e+01   5.7922626e+00
   1.5394000e+04   4.0713406e+01  -7.3962439e+01
   6.9551000e+04   5.9472082e+01   1.8096123e+01
   3.2854000e+04   5.9401277e+01   1.7951660e+01
   2.5738000e+04   5.2048253e+01   4.4782086e+00
   6.1767000e+04   5.0366978e+01  -4.1465509e+00
   7.6845000e+04   3.5205444e+01  -8.4847841e+01
   1.8214000e+04   3.2747432e+01  -1.1725234e+02
   1.8260000e+04   3.2545855e+01  -9.4352262e+01
   6.0144000e+04   3.2897462e+01  -9.7040348e+01
   7.4852000e+04   5.2036873e+01   8.5304859e+00
   5.8276000e+04   3.2739187e+01  -9.7796903e+01
   5.3109000e+04   3.0281120e+01  -9.7745211e+01
   5.5304000e+04   3.3864332e+01  -1.1774060e+02
   2.6161000e+04   3.4408755e+01  -1.1968505e+02
   4.2800000e+03   3.8714790e+01  -9.1501736e+00
   7.1056000e+04   3.9320359e+01  -8.4421405e+01
   5.7420000e+03   3.9956390e+01  -8.2999891e+01
   4.0107000e+04   1.8781115e+01   1.0077968e+02
   4.9018000e+04   4.4479493e+01   2.6112268e+01
   8.3738000e+04   4.0767494e+01  -7.3989753e+01
   6.4373000e+04   3.7787908e+01  -1.2240762e+02
   4.6600000e+02   5.9316815e+01   1.8028575e+01
   6.4856000e+04   3.8962178e+01  -9.5242388e+01
   3.4744000e+04   5.9320201e+01   1.8071169e+01
   8.5496000e+04   4.1800059e+01  -8.7975102e+01
   7.6013000e+04   3.8591612e+01  -1.2155032e+02
   6.1938000e+04   3.0316705e+01  -9.7714032e+01
   6.3240000e+04   4.3840006e+01  -7.9540275e+01
   3.1266000e+04  -3.7814123e+01   1.4496104e+02
   6.7174000e+04   4.0577857e+01  -7.5340504e+01
   3.4305000e+04   5.8944278e+01   1.1186324e+01
   7.1228000e+04   3.9132754e+01  -7.6685374e+01
   8.5167000e+04   2.8045727e+01  -8.2738756e+01
   5.2001000e+04   4.1499763e+01  -7.4008569e+01
   8.1510000e+04   3.4021657e+01  -1.1828286e+02
   5.9269000e+04   5.9336965e+01   1.8042984e+01
   7.5732000e+04   5.7700966e+01   1.1973338e+01
   4.7774000e+04   5.7653206e+01   1.2065408e+01
   2.3832000e+04   5.9345467e+01   1.8048348e+01
   6.1730000e+03   3.0370652e+01  -9.7727539e+01
   1.4949000e+04   3.1436055e+00   1.0171011e+02
   2.1624000e+04   5.1360500e+01   5.4277825e+00
   2.3530000e+03   4.0052945e+01  -7.5195844e+01
   4.5839000e+04   3.8929571e+01  -9.4725095e+01
   2.9779000e+04   5.9139230e+01   5.5895851e+00
   6.8701000e+04   4.9283603e+01  -1.2310402e+02
   5.6273000e+04   3.0455749e+01  -9.7659704e+01
   5.2104000e+04   5.6113197e+01   1.0174761e+01
   5.2550000e+04   5.9333440e+01   1.8059586e+01
   4.4984000e+04   5.7635739e+01   1.8318972e+01
   7.5420000e+03   3.0252193e+01  -9.7748405e+01
