   5.2981000e+04   5.1165692e+01   1.3472300e+01
   2.2631000e+04   2.1296437e+01  -1.5785471e+02
   2.7112000e+04   3.5662143e+01   1.3973045e+02
   8.3753000e+04   3.8639363e+01  -1.2150861e+02
   8.6400000e+03   3.7777584e+01  -1.2239336e+02
   8.2776000e+04   3.8937613e+01  -7.7264701e+01
   8.1805000e+04   3.0688753e+01  -8.8040453e+01
   8.2941000e+04   3.3798184e+01  -8.4426798e+01
   5.4087000e+04   5.5589520e+01   1.3022916e+01
   7.7254000e+04   3.7773661e+01  -1.2243933e+02
   5.1713000e+04   3.0512001e+01  -9.7713654e+01
   5.4677000e+04   5.8587300e+01   1.6175148e+01
   4.7776000e+04   3.9696403e+01  -1.0499160e+02
   2.0210000e+04   5.1513862e+01  -8.9430883e-02
   3.9180000e+03   4.8086051e+01  -1.2217176e+02
   7.9200000e+04   4.5780087e+01  -1.2254003e+02
   6.7848000e+04   3.6067131e+01  -9.4166192e+01
   7.0580000e+04   1.9368827e+01  -9.9264007e+01
   4.0305000e+04   3.3640790e+01  -8.4446223e+01
   7.4276000e+04   3.2690720e+01  -9.7603395e+01
   3.7233000e+04   3.5542502e+01   1.3951483e+02
   5.9247000e+04   3.7290427e+01  -1.2188801e+02
   8.0710000e+04   3.3100589e+01  -9.6680048e+01
   5.4166000e+04   5.9629330e+01   1.7060902e+01
   1.7410000e+03   4.1127099e+01  -7.3812032e+01
   1.2181000e+04   3.4165442e+01  -1.1846907e+02
   4.2108000e+04   4.5472506e+01   9.2083210e+00
   8.4660000e+04   4.5589405e+01  -1.2275237e+02
   6.4856000e+04   1.4606595e+01   1.2107891e+02
   4.2070000e+04   3.5693134e+01   1.3970059e+02
   6.2767000e+04   3.2682639e+01  -9.7395447e+01
   5.1602000e+04   5.9967351e+01   1.0767079e+01
   7.0774000e+04   5.9282306e+01   1.8923541e+01
   7.0898000e+04   3.8989311e+01  -7.6545190e+01
   6.4976000e+04   3.8794914e+01  -9.0621739e+01
   6.4574000e+04   4.7605282e+01  -1.2233735e+02
   5.0686000e+04   4.8308541e+01   1.4287917e+01
   7.8331000e+04   3.6068076e+01  -1.1517629e+02
   2.7825000e+04   5.1458352e+01   7.1974826e+00
   6.9156000e+04   2.9971934e+01  -9.5421960e+01
   2.2750000e+03   3.5187538e+01  -1.0193933e+02
   5.2169000e+04   4.4447482e+01  -8.8069194e+01
   7.4147000e+04   4.2310611e+01  -8.3692194e+01
   1.6539000e+04   4.1920731e+01  -8.7686875e+01
   2.5454000e+04   3.3596757e+01  -1.1767627e+02
   5.0563000e+04   4.0469551e+01  -3.5822082e+00
   8.2342000e+04   4.3129099e+01  -8.0759017e+01
   1.6170000e+03   3.8253318e+01  -8.5755278e+01
   2.0000000e+01   2.5085563e+01  -7.7322260e+01
   8.1507000e+04   3.5218692e+01  -9.7493710e+01
   4.7404000e+04   4.5500061e+01  -7.3570193e+01
   9.2160000e+03   3.2892442e+01  -9.6472285e+01
   7.2813000e+04   5.2402241e+01  -2.0098333e+00
   7.4319000e+04   5.9414143e+01   5.2565622e+00
   4.5955000e+04   4.9400237e+01   1.0264309e+01
   3.2203000e+04   5.9189878e+01   1.7635224e+01
   7.3704000e+04   3.8896999e+01  -7.7023392e+01
   7.8750000e+04   3.7412773e+01  -1.2189781e+02
   5.8054000e+04   5.9241286e+01   1.8094279e+01
   6.2859000e+04   3.0265728e+01  -9.7743585e+01
   5.7479000e+04   5.3103545e+01   6.1004376e+00
   7.7302000e+04   3.1939685e+01  -1.0220739e+02
   5.6988000e+04   5.1058222e+01   6.9245645e+00
   5.6506000e+04   4.1776177e+01  -7.2837574e+01
   5.7791000e+04   5.1515427e+01  -1.9149933e-01
   8.6840000e+03   3.6179264e+01  -9.4560648e+01
   5.6768000e+04   3.0573862e+01  -8.7413296e+01
   5.0166000e+04   4.9944866e+01   1.1583241e+01
   2.3060000e+04   5.9923673e+01   1.0731334e+01
   3.2200000e+04   6.3819563e+01   2.0282090e+01
   2.8004000e+04  -3.4923128e+01   1.3860770e+02
   4.1293000e+04   4.0663762e+01  -7.5613296e+01
   1.2554000e+04   3.7758129e+01  -1.2238825e+02
   6.8348000e+04   6.0001328e+01   1.5828188e+01
   3.3573000e+04   5.9318187e+01   1.8071284e+01
   5.8295000e+04   4.5324224e+01   8.4249187e+00
   2.5453000e+04   5.2265139e+01   1.0525806e+01
   7.8584000e+04   3.3730873e+01  -1.1797281e+02
   6.2173000e+04   5.9342239e+01   1.7929183e+01
   5.1368000e+04   3.0281982e+01  -9.7740437e+01
   7.5780000e+04   3.0478456e+01  -9.7844145e+01
   8.5381000e+04   3.0315319e+01  -9.7733881e+01
   7.7357000e+04   3.6093949e+01  -1.1517358e+02
   2.0300000e+03   3.2717636e+01  -1.1716127e+02
   6.4090000e+03   3.2854325e+01  -9.7312048e+01
   2.0612000e+04   5.3583933e+01   1.0009639e+01
   7.4893000e+04  -2.7991511e+01   1.5342822e+02
   6.0972000e+04   3.3436339e+01  -1.1163196e+02
   7.5603000e+04   3.7805188e+01  -1.2240570e+02
   4.8040000e+03   5.1236906e+01   6.7964172e+00
   1.8110000e+03   4.0732427e+01  -7.3998561e+01
   6.4324000e+04   3.8328692e+01  -1.2231100e+02
   3.1405000e+04   4.8792623e+01   9.2295778e+00
   4.8853000e+04   5.9402082e+01   1.7949914e+01
   5.6902000e+04   3.2898232e+01  -9.6465492e+01
   3.0243000e+04   5.2012519e+01   6.0367892e+00
   1.1583000e+04   2.7520463e+00   1.0170952e+02
   6.5385000e+04   5.5606487e+01   1.3020365e+01
   5.9394000e+04   3.4826283e+01  -9.2388298e+01
   6.7577000e+04   3.2339415e+01  -1.1101392e+02
   5.5740000e+03   4.0726994e+01  -7.3988912e+01
   6.4040000e+04   3.2922655e+01  -9.7088045e+01
   7.9822000e+04   3.4147465e+01  -8.4832423e+01
   2.3210000e+03   3.1040304e+01  -1.0481915e+02
   6.8720000e+04   5.9278312e+01   1.5259485e+01
   4.7190000e+04   6.2349553e+01   1.7357411e+01
   3.0484000e+04   5.9311326e+01   1.8075149e+01
   4.0115000e+04   4.8136888e+01   1.1574494e+01
   7.5418000e+04   3.5766616e+01  -7.8729894e+01
   6.9468000e+04   3.2863989e+01  -9.7342086e+01
   7.5540000e+03   3.4139109e+01  -1.1821371e+02
   6.7484000e+04   4.0726908e+01  -7.4037809e+01
   5.4290000e+04   5.5650412e+01   1.3112209e+01
   1.8300000e+02   3.6119363e+01  -9.7065645e+01
   7.3705000e+04   4.1702989e+01  -7.1495121e+01
   7.5820000e+03   4.0576674e+01  -1.1179091e+02
   4.0583000e+04   4.8685188e+01   8.9855075e+00
   5.1341000e+04   5.9085265e+01   1.1260428e+01
   7.5120000e+04   3.0269309e+01  -9.7754106e+01
   7.0424000e+04   3.4064908e+01  -8.3984149e+01
   6.4958000e+04   4.2510282e+01  -7.0952005e+01
   6.8051000e+04   2.9580657e+01  -9.5207448e+01
   2.2995000e+04   2.1574603e+01   3.9117227e+01
   4.1824000e+04   4.0634417e+01  -8.6486719e+00
   3.0985000e+04   2.2330894e+01   1.1416221e+02
   8.1997000e+04   5.1586955e+01  -6.1741121e-02
   3.1050000e+03   2.7737895e+01  -8.2706623e+01
   7.1880000e+04   3.3089178e+01  -9.6682734e+01
   7.6736000e+04   2.8054449e+01  -8.2404504e+01
   2.7829000e+04   5.1020843e+01  -1.3925229e+00
   7.6286000e+04   3.5179016e+01  -1.0191991e+02
   5.7104000e+04   3.4090829e+01  -8.4490399e+01
   7.4856000e+04   2.1367528e+01  -1.5793879e+02
   7.8900000e+04   4.3647236e+01  -7.9392880e+01
   2.6712000e+04   4.0761987e+01  -1.1187995e+02
   6.3906000e+04   5.5841115e+01  -4.2689288e+00
   5.3960000e+04   4.0721142e+01  -7.3983905e+01
   2.3680000e+03   3.0240267e+01  -9.7788660e+01
   7.9421000e+04   4.3567897e+01  -9.6769862e+01
   4.4950000e+03   3.3120903e+01  -9.6805506e+01
   6.7364000e+04   5.1536744e+01  -1.0314555e-01
   2.8630000e+03   3.0260235e+01  -9.7750962e+01
   8.5107000e+04   4.1773088e+01  -8.8148772e+01
   6.3330000e+03   4.2017164e+01  -8.7668924e+01
   4.8058000e+04   3.0319405e+01  -9.7738559e+01
   6.7182000e+04   5.3197238e+01   6.5789974e+00
   3.2630000e+03   3.2829926e+01  -9.6769694e+01
   5.5415000e+04   2.8373069e+01  -8.1547759e+01
   3.9589000e+04   5.3406334e+01  -2.9876161e+00
   5.1675000e+04   3.0269103e+01  -9.7749395e+01
   6.0540000e+04   2.8889660e+01  -8.1306750e+01
   6.5842000e+04   3.4172854e+01  -1.1844739e+02
   5.6162000e+04   5.9379165e+01   1.3499289e+01
   6.4517000e+04   4.7373711e+01   8.4895170e+00
   2.9512000e+04   5.9316461e+01   1.8071850e+01
   9.1140000e+03   3.7699061e+01  -1.2247693e+02
   1.1228000e+04   3.7808202e+01  -1.2241653e+02
   5.9167000e+04   4.2270703e+01  -7.2672240e+01
   7.3226000e+04   3.2895013e+01  -9.6721802e+01
   8.1959000e+04   3.6816196e+01  -7.6071799e+01
   5.7730000e+03   4.0815158e+01  -8.7155238e+01
   9.1180000e+03   3.5474510e+01  -9.7528786e+01
   2.6088000e+04   6.0168441e+01   2.4940708e+01
   3.7353000e+04   5.9330054e+01   1.8054990e+01
   6.8810000e+04   5.0546081e+01   7.1399224e+00
   7.3678000e+04   5.5585302e+01   1.3004317e+01
   7.3250000e+04   3.9928690e+01  -8.6017150e+01
   7.8822000e+04   4.2301167e+01  -7.1382262e+01
   6.8388000e+04   5.9184538e+01   1.7843473e+01
   8.1205000e+04   3.3935296e+01  -1.1811964e+02
   7.8119000e+04   5.1825593e+01   4.1441604e+00
   5.9828000e+04   5.2380881e+01   9.7449231e+00
   1.6213000e+04   3.4691477e+01   1.3519417e+02
   3.4460000e+03   4.7680874e+01  -1.2226212e+02
   8.0230000e+04   4.7669815e+01  -1.2212161e+02
   8.1801000e+04  -2.7885858e+01   1.5321158e+02
   7.9226000e+04   4.1597098e+01  -9.3503126e+01
   2.6992000e+04   5.5440274e+01   1.3035793e+01
   5.2620000e+03   3.7824531e+01  -1.2226597e+02
   7.6176000e+04   5.9360250e+01   1.7994372e+01
   6.0659000e+04   6.0193511e+01   1.1098251e+01
   8.7740000e+03   3.0267978e+01  -9.7750039e+01
   8.0799000e+04   4.4860128e+01  -9.3421426e+01
   6.9134000e+04   5.1804615e+01  -3.5089731e-01
   6.5216000e+04   5.5436148e+01   1.3810329e+01
   5.6082000e+04   2.5912240e+01  -8.0305862e+01
   2.9570000e+03   3.3804600e+01  -1.1792061e+02
   2.6100000e+03   2.1269790e+01  -1.5779499e+02
   1.6336000e+04   2.1538649e+01   3.9172676e+01
   2.5593000e+04   5.2300008e+01  -7.3726682e-01
   3.2431000e+04   3.7502389e+01   1.2701124e+02
   2.7870000e+03   4.0077259e+01  -8.3134039e+01
   2.4194000e+04   5.4968463e+01  -1.6170716e+00
   5.8241000e+04   5.2336919e+01   4.8778653e+00
   5.1996000e+04   3.3138629e+01  -9.6685610e+01
   3.3447000e+04   5.3549023e+01   1.0000897e+01
   7.2175000e+04   3.7781059e+01  -1.2239560e+02
   2.6106000e+04   5.3545689e+01   9.9750821e+00
   7.4455000e+04   4.4915874e+01  -7.9372566e+01
   8.0448000e+04   3.1577442e+01  -9.1456361e+01
   7.6708000e+04   4.5533220e+01  -1.2263497e+02
   7.3980000e+04   5.9339072e+01   1.8072853e+01
   4.6040000e+03   3.5525672e+01  -9.7540096e+01
   7.7316000e+04   3.7435244e+01  -1.2190203e+02
   6.0641000e+04   3.0108700e+01  -9.7317764e+01
   7.0992000e+04   4.0427232e+01  -7.9685502e+01
   8.1959000e+04   5.7311249e+01   1.2175458e+01
   4.9530000e+04   4.5516975e+01  -7.3579359e+01
   6.3160000e+03   4.8750420e+01  -1.2247962e+02
   4.5154000e+04   5.3190791e+01  -2.8895450e+00
   2.3609000e+04   3.8603607e+01  -9.0269677e+01
   1.8910000e+03   3.6409974e+01  -9.3730529e+01
   1.6950000e+03   3.7906794e+01  -1.2205930e+02
   5.2499000e+04   4.0506820e+01  -8.8954988e+01
   6.6330000e+03   4.2108324e+01  -7.2707756e+01
   6.9959000e+04   6.3824355e+01   2.0263209e+01
   7.0888000e+04   3.9329499e+01  -8.4280225e+01
   8.4424000e+04   3.9679298e+01  -7.5653648e+01
   7.7273000e+04   4.5385672e+01  -1.2260854e+02
   4.3628000e+04   4.5589817e+01  -1.2259162e+02
   7.7935000e+04   5.8356271e+01   1.1253674e+01
   6.5150000e+03   3.4800975e+01  -8.7676311e+01
   1.3912000e+04   3.3987691e+01  -1.1790632e+02
   6.2920000e+04   5.9923533e+01   1.0757241e+01
   2.2850000e+03   3.3166321e+01  -9.6702603e+01
   1.2481000e+04   1.8442484e+01  -6.6014888e+01
   8.3807000e+04   3.0455869e+01  -9.7819133e+01
   3.3954000e+04   5.1036263e+01   3.7354964e+00
   2.2993000e+04   4.7195411e+01   8.5236644e+00
   7.9416000e+04   2.6207165e+01  -8.0148054e+01
   4.6028000e+04   1.3129772e+00   1.0392629e+02
   3.1714000e+04   5.9342902e+01   1.8075798e+01
   7.4870000e+04   1.8254843e+01  -6.5976051e+01
   3.9705000e+04   5.6670298e+01   1.2866117e+01
   4.5162000e+04   3.9763917e+01  -8.6155515e+01
   4.4384000e+04   5.0823161e+01  -1.4719700e-01
   6.4402000e+04   3.3601825e+01  -1.1452269e+02
   8.3767000e+04   4.0735755e+01  -7.4029055e+01
   1.7280000e+04   3.8888267e+01  -7.7091952e+01
   3.2612000e+04   5.1052078e+01   3.7203848e+00
   4.4830000e+03  -3.3884594e+01   1.5121054e+02
   8.4762000e+04   2.4560424e+01  -8.1806055e+01
   8.5059000e+04   4.1314721e+01  -8.1782961e+01
   6.2330000e+04   5.2498251e+01   1.3330646e+01
   8.2143000e+04   3.7335007e+01  -1.2189442e+02
   3.8505000e+04   3.7502017e+01   1.2702677e+02
   6.6924000e+04   4.7609339e+01  -1.2233610e+02
   5.3311000e+04   5.9328286e+01   1.8175507e+01
   6.1241000e+04   3.7721340e+01  -8.9217031e+01
   5.1986000e+04   5.9910631e+01   1.0729566e+01
   6.5548000e+04   5.1582313e+01  -2.2745250e-01
   6.7124000e+04   4.5523056e+01  -1.2268123e+02
   1.5964000e+04   3.3638633e+01  -8.4437141e+01
   6.5599000e+04   4.3638091e+01  -7.9418383e+01
   6.5208000e+04   3.0495752e+01  -9.7822095e+01
   8.4921000e+04   3.2813972e+01  -9.6777829e+01
   6.9657000e+04   2.1295761e+01  -1.5783314e+02
   5.5205000e+04   4.2239980e+01  -7.1747527e+01
   1.0148000e+04   3.7394349e+01  -1.2194543e+02
   4.2588000e+04   1.8796160e+01   9.8966066e+01
   1.2684000e+04   3.3703146e+01  -7.8911271e+01
   8.5617000e+04   4.2628150e+01  -8.2985870e+01
   3.0441000e+04   4.9009170e+01   8.4089077e+00
   6.4954000e+04   3.9984427e+01  -7.4154236e+01
   5.7124000e+04   5.9435329e+01   1.7939106e+01
   5.8100000e+02   3.5204596e+01  -1.0185582e+02
   8.1562000e+04   3.9036672e+01  -7.7054381e+01
   5.7860000e+03   4.0056907e+01  -8.5650180e+01
   7.8442000e+04   3.0274190e+01  -9.7740490e+01
   6.0213000e+04   5.1502645e+01  -1.1711597e-01
   2.0548000e+04   6.0349799e+01   5.3916907e+00
   7.2169000e+04   3.9433811e+01  -7.4609001e+01
   6.9365000e+04   2.1599552e+01   3.9143214e+01
   7.8311000e+04   3.7539448e+01  -1.2126924e+02
   8.5842000e+04   3.9849254e+01  -7.4977320e+01
   7.5654000e+04   5.1889288e+01  -2.0793960e+00
   8.9510000e+03   3.2221897e+01  -1.1091024e+02
   5.5333000e+04   2.2421641e+01   1.1420614e+02
   9.2400000e+02   3.0325008e+01  -8.1662364e+01
   8.0889000e+04   3.7793138e+01  -1.2239629e+02
   3.2460000e+03   3.5392780e+01  -8.0903852e+01
   6.4704000e+04   5.7783119e+01   1.4160720e+01
   1.5837000e+04   3.7769745e+01  -1.2244859e+02
   5.4004000e+04   5.0778876e+01  -1.0883554e+00
   8.1499000e+04   2.8358161e+01  -8.0685546e+01
   7.2776000e+04   5.9566479e+01   1.3189291e+01
   7.0605000e+04   4.0336010e+01  -7.9970635e+01
   7.6839000e+04   3.8976773e+01  -9.4633742e+01
   6.2111000e+04   2.9926799e+01  -9.0094488e+01
   5.8516000e+04   5.1498210e+01  -1.9089708e-01
   2.2528000e+04   4.1944935e+01  -8.7656635e+01
   7.9380000e+03   3.7393344e+01  -1.2207966e+02
   5.4570000e+03   3.7332520e+01  -1.2205587e+02
   5.8382000e+04   3.4090372e+01  -1.1834430e+02
   1.3197000e+04   1.9381044e+01  -9.9157587e+01
   7.0950000e+03   3.8900275e+01  -7.6987264e+01
   6.6827000e+04   3.0264298e+01  -9.7732980e+01
   6.1127000e+04   6.0370158e+01   5.3527343e+00
   7.5455000e+04  -4.2746384e+00   1.5276599e+01
   8.4450000e+04   4.0487019e+01  -8.8992269e+01
   8.4001000e+04   4.1587301e+01  -8.3664067e+01
   5.0548000e+04   5.9330158e+01   1.8058079e+01
   8.1096000e+04   3.8574252e+01  -1.2140296e+02
   2.7443000e+04   3.0267166e+01  -9.7746305e+01
   3.7806000e+04   5.9398630e+01   1.8441075e+01
   8.5332000e+04   2.8229461e+01  -8.2728285e+01
   4.5176000e+04   3.0313999e+01  -8.1696125e+01
   2.7579000e+04   5.6017349e+01   1.4139124e+01
   2.1350000e+03   3.6122445e+01  -8.6775752e+01
   4.3060000e+03   3.3683004e+01  -1.1780841e+02
   7.8972000e+04   4.0807719e+01  -7.3964489e+01
   6.4335000e+04   3.2673808e+01  -9.7400570e+01
   4.3253000e+04   1.3716915e+01   1.0055321e+02
   8.3614000e+04   3.0264692e+01  -9.7754549e+01
   8.3075000e+04   3.0201557e+01  -9.7667127e+01
   4.2938000e+04   5.1524772e+01  -2.0228155e-01
   7.6528000e+04   3.7783607e+01  -1.2241803e+02
   3.3203000e+04   3.7835304e+01  -1.2220139e+02
   8.9580000e+03   4.7661307e+01  -1.2233661e+02
   2.4358000e+04   5.9253795e+01   1.5246362e+01
   7.0856000e+04   5.9458228e+01   1.7924302e+01
   8.8070000e+03   4.5054487e+01  -9.3368322e+01
   2.0305000e+04   3.4100296e+01  -1.1832962e+02
   5.6902000e+04   5.6506965e+01   1.3021319e+01
   4.6400000e+03   4.1468825e+01  -8.7070060e+01
   5.3066000e+04   5.9402118e+01   1.8354743e+01
   7.5862000e+04   2.9897778e+01  -8.1311982e+01
   2.3210000e+03   3.6068076e+01  -1.1517629e+02
   6.3222000e+04   5.5589466e+01   1.3015140e+01
   2.6800000e+02   3.9720400e+01  -8.6064094e+01
   6.0332000e+04   4.0756726e+01  -7.3988113e+01
   5.1786000e+04   5.1479676e+01  -9.8260000e-03
   6.0913000e+04   4.9612721e+01   6.1259317e+00
   6.9770000e+03   4.5501765e+01  -1.2257746e+02
   6.0060000e+04   5.9292765e+01   1.8089131e+01
   2.0940000e+03  -2.7470934e+01   1.5302335e+02
   6.7469000e+04   3.1533941e+01  -9.7131996e+01
   4.1980000e+03   4.7620115e+01  -1.2232987e+02
   8.2514000e+04   3.3140151e+01  -1.1716273e+02
   6.4117000e+04   4.3530425e+01  -9.6750748e+01
   4.5000000e+04   3.6061932e+01  -9.4160266e+01
   4.1283000e+04   5.9334655e+01   1.8032892e+01
   7.3800000e+02   3.2908822e+01  -9.7302688e+01
   7.6132000e+04   4.0768956e+01  -7.3982403e+01
   5.9027000e+04   5.8536721e+01   1.5038672e+01
   4.1158000e+04   3.5665203e+01   1.3971222e+02
   5.8890000e+03   2.9470585e+01  -9.8464665e+01
   5.0909000e+04   5.1537254e+01  -1.0032654e-01
   2.5375000e+04   5.7657433e+01   1.2032030e+01
   9.3610000e+03   3.4040052e+01  -1.1842311e+02
   8.1623000e+04   6.1216388e+01  -1.4982317e+02
   6.5038000e+04   5.1036254e+01  -1.1403525e+02
   2.6830000e+03   3.2784483e+01  -9.6796798e+01
   3.5038000e+04  -2.7467465e+01   1.5304712e+02
   6.6132000e+04   5.0996133e+01   5.8464769e+00
   7.8560000e+04   2.9422164e+01  -9.8484380e+01
   5.0726000e+04   3.0407691e+01  -9.7713379e+01
   8.0850000e+04   3.4149513e+01  -1.1834089e+02
   7.6365000e+04   5.0990311e+01  -1.1409476e+02
   5.5761000e+04   5.1517812e+01  -1.2542007e-01
   4.2858000e+04   5.1577923e+01   5.0061178e+00
   1.4376000e+04   3.0266833e+01  -9.7743720e+01
   2.1272000e+04   3.2705415e+01  -1.1716182e+02
   9.1880000e+03   3.7365734e+01  -1.2192603e+02
   1.4597000e+04   3.9656851e+01  -1.0498787e+02
   7.8991000e+04   5.9330935e+01   1.8059249e+01
   3.0972000e+04   5.1599627e+01   6.1503696e+00
   8.6286000e+04   3.9743956e+01  -1.0502007e+02
   4.1655000e+04   5.1156680e+01   2.9399277e-01
   4.9852000e+04   4.2352236e+01  -7.1054586e+01
   6.0725000e+04   6.3826465e+01   2.0258735e+01
   4.0290000e+03   3.0396208e+01  -9.7727573e+01
   5.4513000e+04   3.0146426e+01  -9.7833724e+01
   7.0385000e+04   2.5632899e+01  -8.0448835e+01
   7.3403000e+04   3.2990090e+01  -9.6830704e+01
   2.4319000e+04   4.0756092e+01  -7.3990259e+01
   8.1889000e+04   3.0289753e+01  -9.7741526e+01
   5.9547000e+04   5.9915406e+01   1.0780823e+01
   3.3161000e+04   4.7434130e+01   8.5681278e+00
   1.6951000e+04   3.2310702e+01  -1.0674612e+02
   2.0801000e+04   5.9915257e+01   1.0719695e+01
   8.0825000e+04   3.6157974e+01  -1.1531229e+02
   8.0588000e+04   3.4039483e+01  -9.6403872e+01
   8.4756000e+04   5.9282127e+01   1.7792755e+01
   6.3438000e+04   5.0983955e+01   6.9518151e+00
   2.0146000e+04   5.1212153e+01   6.7640376e+00
   5.2265000e+04   5.9330935e+01   1.8059249e+01
   5.6884000e+04   5.0106584e+01   8.6623979e+00
   5.0030000e+04   5.9317742e+01   1.8034598e+01
   2.8854000e+04   5.0965853e+01   6.9685078e+00
   5.0275000e+04   3.9896132e+01  -8.2762928e+01
   4.6050000e+03   4.3601628e+01  -7.9742653e+01
   7.5920000e+03   3.5687063e+01   1.3969296e+02
   4.8495000e+04   5.0935697e+01   6.9323153e+00
   1.5277000e+04   3.3282224e+01  -1.1178907e+02
   4.5924000e+04   3.2860506e+01  -9.7187109e+01
   6.0100000e+03   3.7243463e+01  -1.2187205e+02
   4.7687000e+04   5.7629149e+01   1.1918621e+01
   8.5716000e+04   3.0201557e+01  -9.7667127e+01
   4.4165000e+04   5.9316827e+01   1.8055815e+01
   8.4700000e+04   3.9898551e+01  -8.4221406e+01
   2.2130000e+03   4.0727886e+01  -7.3988138e+01
   3.9711000e+04   5.9338130e+01   1.8057215e+01
   7.5783000e+04   6.1331896e+01  -1.4956685e+02
   5.3436000e+04   5.1208647e+01   6.7762724e+00
   5.1971000e+04   3.5516853e+01   2.4016433e+01
   6.5476000e+04   5.7798418e+01   1.4272163e+01
   5.7362000e+04   5.8628877e+01   8.8932394e+00
   6.5951000e+04   4.5524531e+01  -1.2268391e+02
   6.3905000e+04   4.0324755e+01  -7.6782668e+01
   2.7770000e+04   5.1060670e+01   3.7082183e+00
   6.6268000e+04   3.3442648e+01  -1.1207347e+02
   2.4827000e+04   5.1481290e+01  -3.1783401e+00
   9.7500000e+02   4.3677944e+01  -7.9350173e+01
   6.2614000e+04   2.5756455e+01  -8.0375462e+01
   6.7390000e+03   3.7800255e+01  -1.2243308e+02
   4.1330000e+03   3.0271713e+01  -9.8869702e+01
   6.3580000e+03   3.6136115e+01  -1.1515359e+02
   6.1605000e+04   3.7336815e+01  -1.2189108e+02
   4.8810000e+04   5.9915363e+01   1.0792058e+01
   8.2454000e+04   3.0312853e+01  -9.7738551e+01
   4.4754000e+04   4.5876313e+01   8.9786904e+00
   3.6878000e+04   4.7386271e+01   8.4985059e+00
   5.2317000e+04   5.9904621e+01   1.0762224e+01
   4.2899000e+04   5.2460495e+01   1.3323299e+01
   3.7644000e+04   4.9598921e+01   6.1060666e+00
   4.0625000e+04   3.9885253e+01  -7.5002646e+01
   6.0082000e+04   3.6089721e+01  -9.5944423e+01
   5.2980000e+04   5.4599067e+01  -5.9295612e+00
   6.1074000e+04   2.1485478e+01   3.9182214e+01
   1.3062000e+04   4.5436161e+01  -1.2277057e+02
   6.6940000e+04   5.4406869e+01   1.3602513e+01
   7.7552000e+04   4.0630427e+01  -7.4022227e+01
   5.0224000e+04   5.0833142e+01   3.2610726e+00
   6.2028000e+04   3.3786115e+01  -8.4373806e+01
   6.0552000e+04   3.9966406e+01  -7.4184530e+01
   3.3737000e+04   5.7219989e+01   1.2236333e+01
   3.8877000e+04   4.5025737e+01   3.8973098e+01
   8.3011000e+04   3.0270083e+01  -9.7750427e+01
   5.9399000e+04   5.7707735e+01   1.1961901e+01
   6.3781000e+04   4.0749124e+01  -7.3983817e+01
   1.1197000e+04   5.1911546e+01   4.4578426e+00
   5.7568000e+04   2.6129892e+01  -8.0262296e+01
   4.3059000e+04   4.7069070e+01   8.3131313e+00
   8.0399000e+04   3.0231540e+01  -9.7912687e+01
   7.3015000e+04   4.2001821e+01  -9.3613370e+01
   6.4950000e+03   3.2532525e+01  -9.4545770e+01
   2.3912000e+04   1.3710038e+01   1.0060062e+02
   6.7149000e+04   4.2032889e+01  -9.1601899e+01
   4.7780000e+04   4.7217910e+01  -1.2246433e+02
   6.9765000e+04   4.0567220e+01  -1.1189259e+02
   5.5659000e+04   3.7150113e+01  -1.2165484e+02
   5.7183000e+04   5.8892941e+01   5.6951922e+00
   7.6745000e+04   3.0481664e+01  -9.7681173e+01
   6.8320000e+04   3.6855019e+01  -7.6289903e+01
   2.1770000e+04   3.5610560e+01  -9.7563197e+01
   3.6105000e+04   5.6663693e+01   1.2819128e+01
   3.6117000e+04   5.5605202e+01   1.2997910e+01
   6.6984000e+04   3.0270734e+01  -9.7753703e+01
   4.3112000e+04   4.3039177e+01  -7.8880017e+01
   7.2091000e+04   3.6018232e+01  -9.5887482e+01
   3.6629000e+04   6.1303365e+01   1.7052970e+01
   1.6873000e+04   5.1221323e+01   6.7754745e+00
   6.6023000e+04   4.8127343e+01   1.1604223e+01
   2.6996000e+04   4.7566153e+01   9.1064000e+00
   8.8300000e+02   3.2882310e+01  -9.6889926e+01
   6.1295000e+04   5.9336136e+01   1.8056298e+01
   8.4589000e+04   4.3588581e+01  -1.1082663e+02
   6.8627000e+04   3.2838156e+01  -9.7004482e+01
   3.5022000e+04   5.9347607e+01   1.8039921e+01
   7.1464000e+04   3.9051385e+01  -9.4480491e+01
   4.6665000e+04   4.0752792e+01  -7.3977256e+01
   1.2517000e+04   3.0416082e+01  -9.7671816e+01
   6.7880000e+04   3.5352688e+01  -8.0849932e+01
   2.6022000e+04   3.3139041e+01  -1.1703639e+02
   4.4065000e+04   5.1259442e+01   4.4185773e+00
   6.5046000e+04   6.9229644e+01   1.7981622e+01
   8.5913000e+04   4.0730925e+01  -7.4002882e+01
   8.9240000e+03   4.3617809e+01  -1.1619972e+02
   3.1480000e+03   3.4043023e+01  -1.1826716e+02
   6.6584000e+04   2.9888876e+01  -9.7937536e+01
   5.3076000e+04   4.1127583e+01  -8.0767944e+01
   4.8270000e+03   3.0213607e+01  -9.7830496e+01
   1.1346000e+04   4.8427399e+01  -1.2336566e+02
   4.5933000e+04   3.2818416e+01  -9.7001897e+01
   6.5710000e+04   5.1518911e+01  -1.2282372e-01
   6.0229000e+04   3.7832069e+01  -1.2226354e+02
   2.7880000e+04   5.9333466e+01   1.8076599e+01
   5.2250000e+04   5.0078873e+01   1.4461194e+01
   7.6743000e+04   4.1745212e+01  -8.5328549e+01
   6.7364000e+04   4.8222765e+01   1.6405581e+01
   5.0940000e+04   4.8300867e+01   1.4318434e+01
   7.9471000e+04   3.8887342e+01  -7.7055531e+01
   3.5469000e+04   1.3747861e+01   1.0056294e+02
   7.2593000e+04   2.6605349e+01  -8.2114090e+01
   3.5779000e+04   5.0099317e+01   1.4438503e+01
   5.6301000e+04   3.0319405e+01  -9.7738559e+01
   6.8535000e+04   4.0721724e+01  -7.4005633e+01
   6.2762000e+04   3.3202849e+01  -9.7160184e+01
   6.9724000e+04   3.4745752e+01  -9.2397310e+01
   4.9948000e+04   3.3072838e+01  -9.7058125e+01
   6.1642000e+04   4.2308296e+01  -7.1215125e+01
   8.3533000e+04   3.3889738e+01  -8.4747468e+01
   7.4329000e+04   4.9221623e+01  -1.2298969e+02
   8.3874000e+04   4.0516150e+01  -7.5778161e+01
   6.6500000e+03   3.0201557e+01  -9.7667127e+01
   7.7168000e+04   3.3335561e+01  -1.1190959e+02
   7.8036000e+04   3.0234409e+01  -9.7818580e+01
   6.1737000e+04   3.2536049e+01  -9.2106439e+01
   8.5781000e+04   4.7595109e+01  -1.2233167e+02
   2.9759000e+04   4.5065002e+01   7.6489563e+00
   7.2492000e+04   3.7556653e+01  -1.2205020e+02
   1.0816000e+04   3.6170240e+01  -1.1514368e+02
   5.2895000e+04   3.3117337e+01  -9.6769145e+01
   5.9948000e+04   6.0648628e+01   1.7162346e+01
   6.5605000e+04   2.8329106e+01  -8.1515839e+01
   2.7342000e+04   5.5640312e+01   1.3082731e+01
   6.8797000e+04   5.7706990e+01   1.1970667e+01
   6.1074000e+04   3.3492203e+01  -8.6703880e+01
   3.4588000e+04   5.1513416e+01  -8.3457203e-02
   5.3635000e+04   3.5564725e+01  -9.7499306e+01
   7.7130000e+03   4.0793919e+01  -7.7862085e+01
   1.8692000e+04   3.2252953e+01  -1.1091075e+02
   5.8497000e+04   1.8438057e+01  -6.6539716e+01
   4.6970000e+03   4.4948239e+01  -9.3295469e+01
   5.3793000e+04   5.9938603e+01   1.0755562e+01
   5.9702000e+04   4.3715439e+01  -7.9777236e+01
   5.5800000e+03   3.8731929e+01  -9.2811580e+00
   3.7199000e+04   5.9343262e+01   1.8051395e+01
   8.0478000e+04   3.7444839e+01  -1.2216142e+02
   2.3494000e+04   4.3075025e+01  -8.9381293e+01
   8.7610000e+03   3.6064246e+01  -1.1505769e+02
   7.7200000e+02   3.7808024e+01  -1.2231010e+02
   6.6070000e+04   4.3871191e+01  -7.9001859e+01
   5.1053000e+04   5.1518223e+01  -1.5160882e-01
   7.4340000e+03   3.9274746e+01  -7.4574800e+01
   5.2035000e+04   5.6080324e+01   1.2890660e+01
   8.5676000e+04   3.8238553e+01  -8.5736484e+01
   3.4327000e+04   5.3191981e+01  -2.8861341e+00
   5.6745000e+04   3.5482116e+01  -9.7498755e+01
   5.7679000e+04   3.2988099e+01  -9.6851920e+01
   1.6602000e+04   1.4631343e+01   1.2103449e+02
   7.2210000e+04   5.9907598e+01   1.0780903e+01
   7.2380000e+03   3.0266347e+01  -9.7771175e+01
   6.7802000e+04   5.2090603e+01   4.2742508e+00
   5.5234000e+04   3.7370270e+01  -1.2192979e+02
   7.3152000e+04   5.1229732e+01   4.5263672e+00
   2.8787000e+04   5.1991100e+01  -1.8976618e-01
   2.7556000e+04   5.9609906e+01   1.6553832e+01
   5.3576000e+04   1.8394649e+01  -6.6069065e+01
   6.2700000e+02   3.3220177e+01  -9.6616304e+01
   2.6857000e+04   5.1065967e+01   1.3754680e+01
   5.0396000e+04   3.2728418e+01  -9.7388606e+01
   6.4643000e+04   4.8208409e+01   1.6372043e+01
   7.5999000e+04   3.6148154e+01  -7.8556118e+01
   8.5392000e+04   3.9969293e+01  -8.3006043e+01
   5.6860000e+04   3.8901178e+01  -7.7039469e+01
   4.8550000e+03   4.7621518e+01  -1.2234821e+02
   1.6669000e+04   3.0260705e+01  -9.7737816e+01
   5.0029000e+04   5.6187381e+01   1.4045819e+01
   1.1123000e+04   4.6212164e+01  -1.1922489e+02
   5.3681000e+04   5.8528674e+01   1.5518368e+01
   5.8755000e+04   5.1506423e+01  -1.2032048e-01
   4.0337000e+04   5.9275887e+01   1.7924377e+01
   6.0869000e+04   5.1513951e+01  -1.5131478e-01
   1.3855000e+04   3.8876735e+01  -7.7017186e+01
   2.5470000e+03   3.5786176e+01  -7.8661501e+01
   8.3654000e+04   3.3191549e+01  -9.7095627e+01
   6.0739000e+04   6.3427882e+01   1.0402841e+01
   6.5694000e+04   3.1724088e+01  -1.0630478e+02
   7.4562000e+04   3.7800235e+01  -1.2244095e+02
   7.9448000e+04   4.7614865e+01  -1.2232579e+02
   5.0507000e+04   3.0202129e+01  -9.5474092e+01
   4.7063000e+04   5.9326403e+01   1.8104267e+01
   1.8090000e+03   3.4260755e+01  -1.1923304e+02
   3.8065000e+04   4.3952814e+01   4.8036998e+00
   3.5790000e+04   1.9064734e+01   7.2832459e+01
   3.7131000e+04   5.0930014e+01   5.3681517e+00
   6.3323000e+04   3.7701401e+01  -1.2107453e+02
   5.3602000e+04   5.0073034e+01   1.4413998e+01
   1.1357000e+04   3.8900300e+01  -7.6791634e+01
   2.4312000e+04   3.5467020e+01  -9.7516324e+01
   6.5238000e+04   2.9518176e+01  -9.8410366e+01
   7.5580000e+04   5.9330935e+01   1.8059249e+01
   4.2054000e+04   3.5765401e+01   1.3946586e+02
   5.5357000e+04   3.7366879e+01  -1.2192759e+02
   6.5264000e+04   5.9463454e+01   1.8080100e+01
   2.6014000e+04   4.7253766e+01  -1.2246150e+02
   5.5088000e+04   4.0750606e+01  -7.3989294e+01
   4.9566000e+04   5.9211501e+01   1.5134000e+01
   8.1388000e+04   4.1765039e+01  -8.8203705e+01
   1.9647000e+04   3.3857374e+01  -1.1808482e+02
   6.7405000e+04   3.6106543e+01  -8.6825894e+01
   8.3621000e+04   2.6048300e+01  -8.0166889e+01
   5.6343000e+04   4.4281996e+01  -1.0549351e+02
   2.9063000e+04   5.7711695e+01   1.1990725e+01
   7.8457000e+04   5.9337540e+01   1.8077917e+01
   7.4000000e+02   3.5206747e+01  -8.0861149e+01
   7.2114000e+04   3.4135021e+01  -1.1805058e+02
   8.5052000e+04   4.0764424e+01  -7.3976792e+01
   6.5252000e+04   3.5656903e+01  -9.7460952e+01
   8.0215000e+04   4.3641607e+01  -7.9447264e+01
   6.7717000e+04  -3.3466039e+01  -7.0609838e+01
   5.1244000e+04   3.7638436e+01  -1.2092502e+02
   1.9208000e+04   3.6156613e+01  -8.6774751e+01
   6.3237000e+04   3.2917561e+01  -9.6817627e+01
   7.5043000e+04   3.8746539e+01  -8.9678277e+00
   6.3200000e+04   4.4501296e+01  -8.8062179e+01
   4.2466000e+04   5.3580556e+01  -2.5355560e+00
   7.9301000e+04   3.4030561e+01  -7.7895627e+01
   8.5648000e+04   5.0088207e+01   1.4425215e+01
   7.2123000e+04   3.0284433e+01  -9.7738667e+01
   6.8720000e+04   5.1573069e+01  -3.3397794e-01
   7.0994000e+04   3.3810899e+01  -1.1648485e+02
   1.3847000e+04   3.9655762e+01  -1.0498962e+02
   5.5934000e+04   5.4961267e+01   8.3342075e+00
   4.1763000e+04   3.9337388e+01  -7.6634238e+01
   7.3153000e+04   4.4464427e+01  -7.2686421e+01
   8.3199000e+04   2.5955382e+01  -8.0142163e+01
   6.6178000e+04   3.1974485e+01  -1.0207704e+02
   5.9486000e+04   3.2877607e+01  -9.6898029e+01
   3.8400000e+02   4.3028369e+01  -8.7971306e+01
   4.8443000e+04   1.3876947e+01   1.0059480e+02
   4.3752000e+04   1.2847213e+00   1.0384408e+02
   8.3601000e+04   3.9020119e+01  -9.4272221e+01
   1.3288000e+04   3.3810593e+01  -1.1789675e+02
   5.1713000e+04   3.2865940e+01  -9.6764392e+01
   6.3781000e+04   3.8507704e+01  -9.0442795e+01
   2.6312000e+04   5.1050898e+01   3.7223911e+00
   2.5564000e+04   4.5490104e+01   9.2020257e+00
   4.0779000e+04   4.8171182e+01   1.1481527e+01
   1.4350000e+03   3.2865897e+01  -9.6897234e+01
   4.5422000e+04   4.3133617e+01   6.3656091e+00
   4.0559000e+04   5.2004978e+01   5.9328302e+00
   6.9685000e+04   4.0643885e+01  -7.3782806e+01
   7.7061000e+04   5.1524919e+01  -7.6843642e-02
   8.2313000e+04   3.7165825e+01  -9.3264259e+01
   2.0168000e+04   2.1355364e+01  -1.5792949e+02
   4.1168000e+04   5.9334160e+01   1.8041557e+01
   2.3924000e+04   5.9342441e+01   1.8062100e+01
   5.9866000e+04   5.3581498e+01   9.9541988e+00
   7.0704000e+04   5.0868853e+01   2.8923641e+00
   4.5631000e+04   4.7371464e+01   8.5302883e+00
   8.2881000e+04   3.2681467e+01  -9.7418277e+01
   2.2013000e+04   4.8187134e+01   1.6380143e+01
   5.0661000e+04   5.1358231e+01   1.3928822e+00
   4.9320000e+04   5.9285675e+01   1.8117450e+01
   3.9946000e+04   4.7797582e+01   1.1061875e+01
   5.0744000e+04   4.0585633e+01  -7.4619210e+01
   6.8997000e+04   3.7759943e+01  -1.2225302e+02
   3.1845000e+04   5.9355279e+01   1.7945287e+01
   4.0614000e+04   4.8801535e+01   9.2175078e+00
   7.5681000e+04   3.9956103e+01  -7.5193627e+01
   6.2715000e+04   2.6325965e+01   4.3969606e+01
   2.4071000e+04   5.9383130e+01   1.7898359e+01
   2.9141000e+04   5.7658007e+01   1.2114937e+01
   8.4523000e+04   2.6241722e+01  -8.0249323e+01
   7.2508000e+04   3.4219595e+01  -1.1905413e+02
   1.1381000e+04   2.2283825e+01   1.1415814e+02
   5.7817000e+04   5.2250367e+01   2.1033229e+01
   1.7567000e+04   2.8543689e+01  -8.1379064e+01
   6.6265000e+04   3.2740876e+01  -9.6814351e+01
   8.1463000e+04   3.8969319e+01  -9.5235028e+01
   3.2543000e+04   5.1484063e+01  -3.2394170e-01
   4.3372000e+04   5.1912341e+01   7.6561446e+00
   3.3100000e+02   3.7798679e+01  -1.2240785e+02
   6.4510000e+03   4.2114560e+01   1.4708288e+01
   7.8616000e+04   4.9479390e+01   8.4694290e+00
   9.8720000e+03   3.0248924e+01  -9.7749626e+01
   6.8989000e+04   5.5605218e+01   1.2998757e+01
   3.3875000e+04   5.1134371e+01   2.6719460e-01
   4.7313000e+04   5.6244482e+01   1.2859034e+01
   7.7172000e+04   4.5518920e+01  -1.2267111e+02
   6.4696000e+04   4.5522677e+01  -1.2267336e+02
   7.1184000e+04   4.0737389e+01  -7.3996825e+01
   5.3131000e+04   6.2391881e+01   1.7306921e+01
   3.4544000e+04   5.9382661e+01   1.3527881e+01
   8.5507000e+04   3.8941036e+01  -9.5243046e+01
   6.2510000e+04   5.1499186e+01   1.0796567e+01
   4.2637000e+04   4.9009589e+01   8.4006098e+00
   7.2114000e+04   3.2858064e+01  -9.7069257e+01
   1.4630000e+03   3.9679399e+01  -7.5652502e+01
   7.0661000e+04   3.3660047e+01  -1.1580459e+02
   6.1397000e+04   4.3993316e+01  -1.0224161e+02
   4.3108000e+04   4.5588906e+01  -1.2259317e+02
   1.7357000e+04   3.3858564e+01  -1.1837034e+02
   8.5053000e+04   2.8607185e+01  -8.1196303e+01
   5.1500000e+03  -7.3191531e+00   1.1274854e+02
   6.2497000e+04   3.3811211e+01  -1.1792083e+02
   5.1526000e+04   3.4085256e+01  -1.1789022e+02
   4.6265000e+04   5.6695276e+01   1.2683989e+01
   6.8007000e+04   3.0248643e+01  -9.7769439e+01
   7.3222000e+04   3.9044011e+01  -9.4597049e+01
   5.8567000e+04   3.9373056e+01  -7.6527375e+01
   7.0010000e+04   2.6073897e+01  -8.0135175e+01
   1.2940000e+04   3.2932903e+01  -9.7078281e+01
   1.4299000e+04   4.5558971e+01  -1.2265090e+02
   7.7968000e+04  -3.7803025e+01   1.4495495e+02
   5.6973000e+04   4.7613743e+01  -1.2232018e+02
   7.4668000e+04   3.3812287e+01  -1.1791692e+02
   9.9130000e+03   3.3759144e+01  -1.1800950e+02
   7.8836000e+04   3.0274751e+01  -9.7786335e+01
   5.9423000e+04   5.9335767e+01   1.8087938e+01
   8.3605000e+04   3.0140376e+01  -8.1532748e+01
   1.5360000e+03   4.0715377e+01  -7.3997776e+01
   6.2155000e+04   5.7168052e+01  -2.0963668e+00
   7.8579000e+04   5.9930949e+01   1.7980226e+01
   4.7199000e+04   5.9338234e+01   1.8082824e+01
   8.5459000e+04   4.1817212e+01  -7.2864498e+01
   1.4299000e+04   4.0777958e+01  -7.4043781e+01
   3.8085000e+04  -2.7489899e+01   1.5303859e+02
   8.1272000e+04   5.9313552e+01   1.8460377e+01
   2.7052000e+04   5.9278402e+01   1.8282248e+01
   8.0189000e+04   3.8570062e+01  -1.2149128e+02
   2.0884000e+04   5.7712038e+01   1.1990346e+01
   6.6730000e+04   3.0276789e+01  -9.7742030e+01
   2.0534000e+04   5.7687933e+01   1.4146161e+01
   1.1385000e+04   4.7544579e+01  -1.2204848e+02
   8.4899000e+04   4.9284561e+01  -1.2310874e+02
   5.1323000e+04   3.3845250e+01  -8.4359755e+01
   5.7844000e+04   5.2204923e+01   1.4560618e-01
   1.7480000e+03   2.9867256e+01  -9.7939961e+01
   2.2353000e+04   2.4714873e+01   4.6677818e+01
   5.3959000e+04   3.7784466e+01  -1.2243926e+02
   7.9890000e+04   2.8229461e+01  -8.2728285e+01
   4.9403000e+04   4.7040979e+01   1.5481904e+01
   3.7252000e+04   5.5609051e+01   1.3002073e+01
   6.3609000e+04   3.5652662e+01  -9.7458125e+01
   6.0372000e+04   4.2144445e+01  -8.8027312e+01
   3.9162000e+04   3.9967956e+01  -8.3008574e+01
   6.7481000e+04   2.7894791e+01  -8.2744395e+01
   8.2041000e+04   3.0597167e+01  -9.7590500e+01
   1.4870000e+04   4.0762005e+01  -7.3925469e+01
   1.9728000e+04   3.7278465e+01  -1.2195124e+02
   4.4890000e+03   3.8122869e+01  -1.2225774e+02
   3.7395000e+04   5.5768692e+01   1.2986977e+01
   5.6400000e+03   3.2705589e+01  -9.6290494e+01
   3.6841000e+04   5.9319287e+01   1.8070106e+01
   3.8618000e+04   5.0109852e+01   1.4501481e+01
   2.1600000e+02   4.9267550e+01  -1.2311926e+02
   5.3184000e+04   3.3637119e+01  -7.8992547e+01
   6.6290000e+04   3.9041977e+01  -9.4585483e+01
   1.8020000e+03   3.2944077e+01  -9.7132274e+01
   7.1256000e+04   3.9134940e+01  -8.4532349e+01
   7.3196000e+04   4.7615883e+01  -1.2220330e+02
   8.5720000e+03   4.5560809e+01  -9.4173808e+01
   1.1317000e+04   5.2372589e+01   5.2253608e+00
   5.1623000e+04   3.3943538e+01  -1.1840717e+02
   7.3685000e+04   3.5910195e+01  -7.8938692e+01
   6.1161000e+04   5.5591576e+01   1.3008059e+01
   5.4660000e+04   5.2787615e+01  -1.5236557e-01
   1.3120000e+03   3.9042427e+01  -9.4590048e+01
   3.6440000e+04   5.5560255e+01   1.3036823e+01
   1.6100000e+02   3.0271829e+01  -9.7753322e+01
   5.4351000e+04   3.6121861e+01  -1.1517011e+02
   4.9582000e+04   3.0369011e+01  -9.7788658e+01
   6.4400000e+02   3.3057855e+01  -9.6771719e+01
   8.4194000e+04   3.6061703e+01  -9.5885152e+01
   7.6314000e+04   2.9787284e+01  -9.5704013e+01
   5.7433000e+04   5.7783339e+01   1.4163233e+01
   4.5485000e+04   2.9167751e+01  -8.2169631e+01
   5.8003000e+04   5.7644449e+01   1.2040650e+01
   6.5373000e+04   4.0342249e+01  -7.5979519e+01
   1.5344000e+04   3.4127299e+01  -1.1805446e+02
   6.1279000e+04   5.8589543e+01   1.6180904e+01
   2.5740000e+03   3.8886615e+01  -7.7001327e+01
   4.9056000e+04   1.3744588e+01   1.0054026e+02
   7.1619000e+04   1.8044244e+01  -6.5865499e+01
   7.2324000e+04  -4.3535366e+01   1.7264139e+02
   5.9760000e+04   4.6754902e+01   7.6297259e+00
   6.4950000e+04   4.0691247e+01  -7.4179516e+01
   2.6230000e+04   5.1429598e+01   6.7756891e+00
   2.2196000e+04   4.8142053e+01   1.1548721e+01
   7.1085000e+04   3.5841273e+01  -7.8576120e+01
   6.6997000e+04   3.0272727e+01  -9.7756431e+01
   6.1280000e+04   3.2770837e+01  -9.6798023e+01
   1.4791000e+04   4.9048731e+00   1.1492686e+02
   5.1970000e+04   3.0266749e+01  -9.7749825e+01
   2.4700000e+02   3.9175765e+01  -7.5530427e+01
   4.1690000e+03   3.5467102e+01  -9.7511434e+01
   7.7196000e+04   3.0474921e+01  -8.7192525e+01
   3.3338000e+04   5.1530552e+01  -1.2281226e-01
   4.2382000e+04   3.5504755e+01  -9.7630660e+01
   7.4559000e+04   2.4655282e+01   4.6687905e+01
   1.8220000e+03   3.0255731e+01  -9.7763386e+01
   3.7754000e+04   4.5443555e+01   1.2334787e+01
   4.5325000e+04   5.9129901e+01   1.0226027e+01
   6.0661000e+04   5.1487393e+01   1.1977547e+01
   6.3158000e+04   4.1702638e+01  -8.8310826e+01
   3.9198000e+04   5.2348792e+01   6.6513840e+00
   3.5003000e+04   5.9334579e+01   1.8032212e+01
   7.2967000e+04   3.9188319e+01  -9.6556123e+01
   7.6368000e+04   3.0264627e+01  -9.7739482e+01
   8.3737000e+04   3.3320203e+01  -1.1196784e+02
   1.1234000e+04   3.9179845e+01  -7.6670966e+01
   5.1743000e+04   5.9332369e+01   1.8064570e+01
   6.5295000e+04   3.2861437e+01  -9.7313444e+01
   2.8020000e+03   3.0261422e+01  -9.7759030e+01
   4.2048000e+04   1.3668670e+01   1.0063347e+02
   5.8571000e+04   6.1359756e+01   2.3795614e+01
   2.2072000e+04   6.0277331e+01   1.0818465e+01
   5.6370000e+03   3.3759961e+01  -9.6587067e+01
   8.1261000e+04   3.0311153e+01  -9.7732970e+01
   4.3792000e+04   5.0112687e+01   8.7161279e+00
   6.7345000e+04   4.0072899e+01  -7.5307107e+01
   3.9320000e+04   4.8297356e+01   1.4292655e+01
   2.0129000e+04   4.1909176e+01  -8.7677116e+01
   6.6549000e+04   5.3541761e+01  -1.1350886e+02
   6.5827000e+04   5.9334464e+01   1.8017482e+01
   4.2863000e+04   2.7605085e+01  -9.7208931e+01
   7.6257000e+04   3.7358410e+01  -1.2183142e+02
   2.3257000e+04   5.9907533e+01   1.0752954e+01
   3.7121000e+04   5.9317743e+01   1.8081039e+01
   5.8317000e+04   4.0026863e+01  -1.0525339e+02
   2.3014000e+04   5.1354082e+01   6.6405536e+00
   1.6190000e+04   3.7789535e+01  -1.2238872e+02
   8.2010000e+04   2.2203215e+01  -1.5949570e+02
   4.6760000e+04   5.6660923e+01   1.6366068e+01
   7.3363000e+04   3.6032275e+01  -9.5922557e+01
   6.7965000e+04   5.9922533e+01   1.6588685e+01
   7.3587000e+04   4.1225374e+01  -9.5930365e+01
   1.1672000e+04   2.0924046e+01  -1.5669419e+02
   4.9481000e+04   3.2221355e+01  -9.8217602e+01
   4.3810000e+04   5.7668073e+01   1.2295139e+01
   6.3262000e+04   2.9728333e+01  -9.5345833e+01
   5.8006000e+04   3.5231230e+01  -9.1669858e+01
   2.1550000e+04   5.9319851e+01   1.8073218e+01
   1.0985000e+04   3.7800500e+01  -1.2240746e+02
   5.9573000e+04   5.7648593e+01   1.1918364e+01
   6.2537000e+04   4.0936882e+01  -7.3903215e+01
   6.1943000e+04   5.7425390e+01   1.5088209e+01
   5.5886000e+04   5.7729583e+01   1.2111281e+01
   4.8642000e+04   3.7248273e+01  -7.9958291e+01
   6.6026000e+04   5.0723097e+01  -1.9489574e+00
   6.3899000e+04   5.9942664e+01   1.0773554e+01
   6.6372000e+04   2.1623022e+01   3.9153956e+01
   8.6328000e+04   4.3146272e+01  -7.7558917e+01
   4.7972000e+04   3.4141424e+01  -8.4505913e+01
   2.5548000e+04   1.4706533e+00   1.0365512e+02
   6.7044000e+04   5.9304016e+01   1.8095781e+01
   7.5764000e+04   3.9737117e+01  -7.5551219e+01
   9.9010000e+03   3.2673112e+01  -9.7409484e+01
   5.8510000e+03   3.2866449e+01  -9.6937952e+01
   3.5109000e+04   5.1523798e+01  -7.8643067e-02
   8.6021000e+04   3.5017587e+01  -8.5178719e+01
   3.6191000e+04   3.6479299e+01  -4.9824335e+00
   4.0619000e+04   5.7165656e+01  -2.1021247e+00
   5.4366000e+04   3.8887788e+01  -7.7033878e+01
   5.5830000e+03   3.7789404e+01  -1.2238941e+02
   4.1073000e+04   5.7706181e+01   1.1940745e+01
   2.4430000e+04   2.5251101e+01   5.5358520e+01
   5.2722000e+04   3.4368167e+01  -1.1851401e+02
   5.3076000e+04   4.9220634e+01  -1.2312857e+02
   7.9949000e+04   4.3165459e+01   1.3245183e+01
   6.9204000e+04   3.8542165e+01  -1.2140904e+02
   5.7861000e+04   3.6069601e+01  -7.9807814e+01
   2.4130000e+03   3.3976478e+01  -1.1733014e+02
   5.6114000e+04   5.9497683e+01   1.8454022e+01
   6.1669000e+04   5.9345007e+01   1.7993760e+01
   7.9049000e+04   3.0275237e+01  -9.7771304e+01
   3.1913000e+04   5.9316824e+01   1.8074827e+01
   5.7523000e+04   3.7509598e+01   1.2688833e+02
   4.8703000e+04   5.6821698e+01   1.4176001e+01
   6.3939000e+04   4.7225568e+01   8.8161064e+00
   2.2180000e+04   4.7443414e+01  -1.2230255e+02
   5.1044000e+04   3.1058492e+00   1.0159287e+02
   5.0600000e+02   4.1489863e+01  -8.7047279e+01
   7.3968000e+04   3.2688600e+01  -1.1715435e+02
   7.3108000e+04   5.9318725e+01   1.8061242e+01
   6.5550000e+04   3.0469511e+01  -9.7790562e+01
   7.8621000e+04   3.8885605e+01  -7.7176251e+01
   6.3562000e+04   4.3644890e+01  -7.9416154e+01
   1.7139000e+04   3.0333300e+01  -9.7563556e+01
   2.6845000e+04   5.6050663e+01   1.2709122e+01
   7.9265000e+04   3.3170279e+01  -9.6629470e+01
   8.4710000e+04   4.7612157e+01  -1.2234192e+02
   3.8220000e+04   4.9468423e+01   8.4831913e+00
   1.7718000e+04   3.5698571e+01   1.3965395e+02
   5.9002000e+04   3.0361500e+01  -9.7716919e+01
   4.9774000e+04   5.3550220e+01  -2.7732861e+00
   2.8017000e+04   5.9297643e+01   1.7980973e+01
   6.7182000e+04   3.9298793e+01  -7.7830190e+01
   6.5670000e+04   4.1967851e+01  -7.1023371e+01
   3.9784000e+04   5.9317103e+01   1.8123612e+01
   5.7500000e+02   4.0747751e+01  -7.3985131e+01
   6.1348000e+04   3.9667105e+01  -8.6081963e+01
   2.4970000e+04   5.6714959e+01   1.3245244e+01
   6.2388000e+04   3.3105208e+01  -9.6804612e+01
   7.4640000e+04   3.4110827e+01  -1.1753269e+02
   1.6212000e+04   4.2339205e+01  -7.1137075e+01
   4.6636000e+04   5.0071619e+01   1.4402767e+01
   6.8946000e+04   3.2680416e+01  -9.7374635e+01
   7.9657000e+04   5.9289918e+01   1.8068868e+01
   8.1771000e+04   5.3477445e+01  -2.2311903e+00
   4.1040000e+04   7.0781048e+00   1.2561433e+02
   3.2435000e+04   5.7670426e+01   1.4970807e+01
   7.8362000e+04   3.9030251e+01  -9.4564547e+01
   4.2268000e+04   3.0635526e+01  -9.7635047e+01
   7.6053000e+04   3.2781145e+01  -9.6805652e+01
   4.5260000e+04  -2.5785898e+01   2.8258367e+01
   5.8421000e+04   4.1867458e+01  -8.7627561e+01
   4.2843000e+04   1.3587441e+00   1.0398920e+02
   5.2919000e+04   4.4983894e+01  -9.3271952e+01
   8.6182000e+04   4.1614347e+01  -8.3688503e+01
   7.0013000e+04   5.3750387e+01  -3.7771633e-01
   7.0406000e+04   3.2736765e+01  -9.7327113e+01
   6.0792000e+04   5.9334924e+01   1.8033961e+01
   7.0310000e+03   3.8656443e+01  -1.2151143e+02
   7.2544000e+04   3.2897462e+01  -9.7040348e+01
   7.9441000e+04   2.6283627e+01  -8.0202037e+01
   3.4709000e+04   1.3662774e+01   1.0095388e+02
   4.5753000e+04   5.9333534e+01   1.8075589e+01
   5.5074000e+04   2.9405917e+01  -9.5030322e+01
   2.4950000e+03   3.0446158e+01  -9.7744235e+01
   6.6814000e+04   3.2531972e+01  -8.4968149e+01
   3.3165000e+04  -1.6923700e+01   1.4577341e+02
   1.4991000e+04   3.3713271e+01  -1.1624784e+02
   8.2022000e+04   4.0627414e+01  -1.1143786e+02
   5.9783000e+04   4.3668657e+01  -7.9393995e+01
   5.0207000e+04   4.6591066e+01   1.4267061e+01
   8.0908000e+04   3.0204146e+01  -9.3259241e+01
   6.0587000e+04   4.1389222e+01   2.1354461e+00
   7.5643000e+04   5.5454684e+01   1.4269502e+01
   2.9389000e+04   4.9116130e+01   6.1725032e+00
   5.2423000e+04   5.9340059e+01   1.7940106e+01
   1.4146000e+04  -3.3910738e+01   1.5119439e+02
   5.0888000e+04   4.1878535e+01  -8.7631737e+01
   5.1937000e+04   3.0265728e+01  -9.7743585e+01
   2.6220000e+04   6.3817671e+01   2.0298271e+01
   6.4880000e+03   3.7796140e+01  -1.2242188e+02
   2.2832000e+04   2.1290634e+01  -1.5784391e+02
   1.2210000e+03   1.3724090e+01   1.0053792e+02
   8.3160000e+03   3.8701199e+01  -9.0445440e+01
   8.3170000e+04   3.0265294e+01  -9.7738549e+01
   7.6322000e+04   3.5226208e+01  -8.0844680e+01
   3.1440000e+04   5.2422042e+01   1.0732425e+01
   6.2548000e+04   3.0432394e+01  -9.7735641e+01
   6.0821000e+04   5.5763720e+01   3.7607225e+01
   6.8596000e+04   3.3492560e+01  -1.1714802e+02
   1.9286000e+04   2.9526641e+01  -9.8471982e+01
   5.2491000e+04   3.5565626e+01  -9.7549591e+01
   5.8913000e+04   3.0179570e+01  -9.5536295e+01
   9.7770000e+03   2.2269273e+01   1.1418492e+02
   7.9317000e+04   5.2158109e+01   4.4890985e+00
   6.7686000e+04   4.2944936e+01  -8.7992895e+01
   6.6994000e+04   5.7698930e+01   1.1963167e+01
   8.5294000e+04   3.2995859e+01  -9.6728305e+01
   1.5314000e+04   4.2245114e+01  -7.1114718e+01
   9.7930000e+03   3.8898932e+01  -7.7022132e+01
   8.1665000e+04   2.9637370e+01  -8.1680688e+01
   6.1426000e+04   5.1064837e+01  -1.3158810e+00
   3.9341000e+04   5.7699213e+01   1.1995626e+01
   8.1749000e+04   2.9728006e+01  -9.8070840e+01
   4.0005000e+04   5.1227152e+01   6.7858386e+00
   4.6754000e+04   5.1221820e+01   4.5028437e+00
   6.3978000e+04   3.7331138e+01  -1.2189398e+02
   9.4700000e+03   3.0213073e+01  -9.7830322e+01
   7.8902000e+04   5.0932266e+01   5.3421772e+00
   5.1177000e+04   3.7411365e+01  -1.2209437e+02
   6.7244000e+04   2.1279071e+01  -1.5782964e+02
   5.1995000e+04   5.2435005e+01   1.3541341e+01
   7.2602000e+04   5.0843029e+01   5.6462232e+00
   4.5730000e+04   3.1435300e+00   1.0166668e+02
   4.1798000e+04   4.9184128e+01   7.8227535e+00
   4.6811000e+04   4.9007232e+01   8.4406755e+00
   2.9724000e+04   5.1006678e+01   4.3016565e+00
   4.5228000e+04   5.3993349e+00   1.0032573e+02
   6.6016000e+04   4.0728237e+01  -7.4002350e+01
   5.0479000e+04   4.0691247e+01  -7.4179516e+01
   6.6300000e+04   5.9302491e+01   1.8100151e+01
   4.3773000e+04   4.3938798e+01   1.2184010e+01
   5.5660000e+04   5.1743187e+01  -4.9089050e-01
   6.6928000e+04   3.0497089e+01  -9.8821623e+01
   5.9968000e+04   3.8855276e+01  -7.7050363e+01
   1.1101000e+04   3.7786903e+01  -1.2241069e+02
   7.4126000e+04   4.0713359e+01  -7.3999412e+01
   7.1897000e+04   5.3427998e+01  -6.2397194e+00
   6.8273000e+04   3.0288325e+01  -9.7748154e+01
   8.0673000e+04   3.0264627e+01  -9.7739482e+01
   5.9099000e+04   4.7938794e+01   1.6223947e+01
   6.0909000e+04   2.1550185e+01   3.9155499e+01
   2.7750000e+04   5.9342994e+01   1.8052093e+01
   1.1113000e+04   1.9705309e+01  -1.5506410e+02
   4.1532000e+04   4.2862565e+01  -8.4887970e+01
   8.1109000e+04   3.3428735e+01  -1.1761359e+02
   5.5886000e+04   3.2974017e+01  -9.6598540e+01
   6.3893000e+04   3.4621575e+01  -9.8477550e+01
   8.5873000e+04   4.2052086e+01  -8.7676313e+01
   8.1413000e+04   5.0858004e+01   3.8966703e+00
   4.4285000e+04   5.4563786e+01  -1.1628408e+00
   5.3671000e+04   5.2254568e+01   4.4933417e+00
   7.5636000e+04   3.9755488e+01  -1.0499076e+02
   2.4040000e+04   5.9349542e+01   1.8044654e+01
   5.9840000e+03   3.0262297e+01  -8.1739197e+01
   3.9008000e+04   5.2371446e+01   4.8864591e+00
   7.9778000e+04   3.9195332e+01  -1.0683953e+02
   7.3633000e+04   5.3605365e+01   1.0140598e+01
   5.6737000e+04   4.1885594e+01  -8.7626127e+01
   1.8760000e+04   4.0013163e+01  -8.3138616e+01
   5.4293000e+04   5.8209647e+01   1.5989237e+01
