   5.2071000e+04   5.1094970e+01   5.0851288e+00
   7.1378000e+04   2.1281762e+01  -1.5783052e+02
   2.3007000e+04   1.3309462e+00   1.0385098e+02
   7.7930000e+04   5.8284247e+01   1.2289538e+01
   5.9984000e+04   3.3774084e+01  -8.4362178e+01
   5.7175000e+04   3.3774556e+01  -1.1793972e+02
   3.7137000e+04   6.2923300e+00   1.0171306e+02
   3.1251000e+04   4.8135899e+01   1.1581109e+01
   6.9830000e+03   3.8631282e+01  -9.0193682e+01
   5.6239000e+04   3.1465041e+01  -9.7167686e+01
   2.1578000e+04   5.0378626e+01   7.5791962e+00
   3.3790000e+03   3.2727010e+01  -1.1719759e+02
   4.0140000e+03   3.0257412e+01  -9.7724705e+01
   3.1285000e+04   5.7788665e+01   1.4232323e+01
   1.9330000e+03   3.7789845e+01  -1.2240495e+02
   7.7420000e+04   3.2870596e+01  -1.1721045e+02
   6.8728000e+04   4.0747378e+01  -7.3988718e+01
   5.8055000e+04   5.2183174e+01   2.0990644e+01
   5.1190000e+04   4.1893204e+01  -8.7620049e+01
   4.7526000e+04   5.9518457e+01   1.7913347e+01
   1.6283000e+04   1.0772899e+01   1.0669084e+02
   5.8506000e+04   3.2786293e+01  -9.6795438e+01
   7.6476000e+04   3.7788317e+01  -1.2243368e+02
   6.3075000e+04   3.0630333e+01  -9.7693056e+01
   1.5407000e+04   3.4747618e+01  -9.2267457e+01
   6.0627000e+04   5.8419221e+01   1.5619503e+01
   5.5351000e+04   4.3663861e+01  -7.9733953e+01
   6.3213000e+04   3.0444846e+01  -9.7743399e+01
   2.6922000e+04   3.9915374e+01   1.1644746e+02
   7.5564000e+04   4.0787853e+01  -1.1198150e+02
   4.1450000e+03   2.5091882e+01  -8.0444030e+01
   8.1731000e+04   2.9549320e+01  -9.5486327e+01
   1.3000000e+01   4.5505467e+01  -1.2295876e+02
   6.5441000e+04   4.1974810e+01  -8.7900812e+01
   4.0968000e+04   4.7389933e+01   8.5176706e+00
   5.0108000e+04   3.0269991e+01  -9.7755404e+01
   6.8000000e+03   4.1890796e+01  -8.7631496e+01
   4.6221000e+04   4.8160310e+01   1.1563974e+01
   7.8960000e+04   3.3684412e+01  -1.1717521e+02
   8.4611000e+04   3.3732486e+01  -1.1799345e+02
   6.0477000e+04   4.6151069e+01   8.7715986e+00
   6.1435000e+04   3.7331880e+01  -1.2202963e+02
   4.5491000e+04   4.2048161e+01  -8.7716292e+01
   6.6793000e+04   2.5696423e+01  -1.0038164e+02
   8.2307000e+04   3.0268514e+01  -9.7727830e+01
   6.5376000e+04   5.9314864e+01   1.8079612e+01
   6.6647000e+04   4.6584949e+01  -1.2050393e+02
   2.0470000e+03   2.9577488e+01  -9.7941227e+01
   7.5002000e+04   4.2315746e+01  -8.9065572e+01
   7.3419000e+04   4.1979018e+01  -8.7906504e+01
   6.9919000e+04   3.6144822e+01  -1.1518054e+02
   6.7029000e+04   3.3090363e+01  -9.6805031e+01
   6.5535000e+04   2.1600903e+01   3.9121129e+01
   9.9650000e+03   3.5187151e+01  -1.0193279e+02
   2.4222000e+04   5.7704625e+01   1.1936008e+01
   6.9650000e+03   3.0485747e+01  -8.6416881e+01
   5.9366000e+04   4.0739476e+01  -7.4006194e+01
   4.9708000e+04   4.0013686e+01  -7.4959208e+01
   1.4600000e+02   3.8971938e+01  -9.5305036e+01
   4.7478000e+04   5.7696003e+01   1.1949471e+01
   3.2757000e+04   4.9954818e+01   7.1141265e+00
   7.4010000e+03   4.1801491e+01  -7.3119873e+01
   2.5080000e+03   3.0267232e+01  -9.7745017e+01
   7.0218000e+04   4.1806575e+01  -7.2547337e+01
   3.2664000e+04   5.3555180e+01   9.9889915e+00
   6.8908000e+04   4.9378573e+01   8.5698622e+00
   6.7796000e+04   3.9294754e+01  -9.4717442e+01
   4.7401000e+04   4.1565725e+01  -8.1443453e+01
   1.5880000e+03   3.4091540e+01  -1.1838574e+02
   4.6944000e+04   3.5541105e+01  -9.7599863e+01
   5.1143000e+04   3.0267910e+01  -9.7749312e+01
   5.8169000e+04   6.3825259e+01   2.0264454e+01
   3.6492000e+04   5.9213580e+01   1.8208241e+01
   5.6556000e+04   4.2347016e+01  -7.1081876e+01
   5.1837000e+04   4.0741197e+01  -7.3981453e+01
   2.2086000e+04   1.3815043e+01   1.0074139e+02
   3.4936000e+04   6.0162757e+01   2.4940370e+01
   7.3640000e+04   3.9781009e+01  -8.6044105e+01
   1.7360000e+03   3.3727988e+01  -1.1783779e+02
   6.9040000e+04   4.0676627e+01  -7.4013498e+01
   8.4605000e+04   4.0760672e+01  -7.3997738e+01
   6.2318000e+04   2.9540188e+01  -9.5023350e+01
   7.3882000e+04   2.4798800e+01   4.6737938e+01
   7.7867000e+04   2.4647290e+01   4.6709334e+01
   2.4361000e+04   5.1253834e+01   4.8089938e+00
   5.8039000e+04   3.7294557e+01  -1.2192452e+02
   6.1750000e+03   2.6052272e+01  -8.0212641e+01
   6.8915000e+04   2.4732459e+01   4.6677400e+01
   4.3789000e+04   5.9966531e+01   1.0782427e+01
   7.1317000e+04   3.4139701e+01  -1.1835365e+02
   4.8506000e+04   3.0177459e+01  -9.5536029e+01
   7.0465000e+04   5.0881119e+01   4.7119653e+00
   4.2757000e+04   1.3702632e+01   1.0058421e+02
   6.5334000e+04   4.5289106e+01  -7.3252720e+01
   4.1264000e+04   5.4563527e+01   1.8418737e+01
   4.0892000e+04   5.9317886e+01   1.8066298e+01
   6.4215000e+04   3.5711142e+01  -8.3520508e+01
   5.0023000e+04   3.8359038e+01  -7.5075894e+01
   6.7143000e+04   5.9925528e+01   1.0705651e+01
   6.3358000e+04   3.2934761e+01  -9.7239027e+01
   3.1009000e+04   5.1184400e+01   4.4208705e+00
   8.4774000e+04   4.0626138e+01  -7.5451655e+01
   3.0098000e+04   5.9847833e+01   1.7683518e+01
   7.8976000e+04   2.4702778e+01   4.6680224e+01
   7.0560000e+04   5.1265131e+01  -1.0833761e+00
   7.1081000e+04   4.5793795e+01  -1.1583511e+00
   4.3907000e+04   5.1512860e+01  -1.2157214e-01
   3.3960000e+03   3.5913853e+01  -7.9050504e+01
   6.9777000e+04   5.9911087e+01   1.0726787e+01
   6.0088000e+04   4.0793799e+01  -7.7859678e+01
   7.1698000e+04   3.7794367e+01  -1.2226861e+02
   4.5156000e+04   3.8742369e+01  -9.0365896e+01
   3.3044000e+04   5.9338140e+01   1.8026354e+01
   5.9019000e+04   5.1501243e+01  -1.2609213e-01
   7.3346000e+04   5.9381219e+01   1.3504035e+01
   6.2988000e+04   3.3943538e+01  -1.1840717e+02
   4.2351000e+04   5.9339734e+01   1.8035302e+01
   3.4184000e+04   5.2489679e+01   1.3350803e+01
   7.0432000e+04   3.6304983e+01  -1.0605200e+02
   4.8504000e+04   3.9244693e+01  -8.4595030e+01
   7.1675000e+04   4.0306295e+01  -7.9582969e+01
   8.0984000e+04   5.2355210e+01   4.8685212e+00
   5.3826000e+04   4.7374436e+01   8.5394347e+00
   4.4128000e+04   5.9915027e+01   1.0788426e+01
   8.3226000e+04   3.8366403e+01  -1.2195341e+02
   5.3108000e+04   5.7719177e+01   1.1991545e+01
   7.3710000e+04   4.0181296e+01  -7.4876852e+01
   2.6936000e+04   5.2079822e+01   4.3240881e+00
   3.4620000e+03   3.5910262e+01  -7.9075548e+01
   6.4163000e+04   3.3458532e+01  -1.1207403e+02
   6.2657000e+04   3.0214984e+01  -9.5457659e+01
   5.2190000e+04   5.9360840e+01   1.8158351e+01
   5.9739000e+04   5.0134774e+01   8.5908473e+00
   2.9613000e+04   5.9406039e+01   1.8072392e+01
   6.5540000e+04   3.6490421e+01  -4.9522913e+00
   2.6246000e+04   5.3451386e+01  -2.0846167e+00
   7.6696000e+04   2.9945342e+01  -9.0074637e+01
   1.1220000e+03   4.1959698e+01  -8.7682915e+01
   6.5453000e+04   5.5605481e+01   1.2998704e+01
   5.1234000e+04   5.0831936e+01  -7.8188539e-01
   5.5921000e+04   2.6184797e+01  -9.8233931e+01
   8.6252000e+04   3.9399764e+01  -8.4527669e+01
   2.6926000e+04   3.6099100e+01  -1.1517511e+02
   7.0560000e+04   3.0404843e+01  -9.7746492e+01
   2.5890000e+03   3.8782125e+01  -9.0483484e+01
   6.1901000e+04   3.2787972e+01  -9.6797127e+01
   4.4700000e+02   3.7714177e+01  -1.2221084e+02
   8.6122000e+04   4.0742512e+01  -7.4006031e+01
   4.6933000e+04   5.8353743e+01   1.5208880e+01
   3.9495000e+04   4.8152408e+01   1.1518151e+01
   4.7276000e+04   3.7515972e+01   1.2710368e+02
   1.4961000e+04   3.7112148e+01  -8.4099963e+01
   3.6000000e+04   4.6937146e+01   7.4363045e+00
   1.0065000e+04   3.7325209e+01  -1.2194726e+02
   1.2893000e+04   3.7801138e+01  -1.2227488e+02
   5.2320000e+03   3.9433912e+01  -7.5038822e+01
   5.8444000e+04   3.2508128e+01  -9.2192592e+01
   4.4618000e+04   4.2347531e+01  -7.1075256e+01
   6.6350000e+03   3.3912208e+01  -1.1786737e+02
   1.1391000e+04   3.7703294e+01  -1.2188517e+02
   5.4420000e+04   1.4563739e+01   1.2101297e+02
   5.7222000e+04   3.7012057e+01  -1.2205418e+02
   3.0948000e+04   4.7389628e+01   8.4922228e+00
   6.8175000e+04   4.7965402e+01   1.6215011e+01
   4.6384000e+04   5.8901337e+01   1.7550805e+01
   7.4863000e+04   3.7797068e+01  -1.2239982e+02
   1.3526000e+04   3.2852882e+01  -9.6768157e+01
   4.6910000e+03   3.8873280e+01  -7.7105541e+01
   4.0545000e+04   6.0709731e+01   1.5304744e+01
   8.3300000e+02   3.7723578e+01  -9.7444091e+01
   7.0553000e+04   4.7525727e+01  -5.2769214e+01
   8.0905000e+04   3.0263515e+01  -9.7740169e+01
   4.0158000e+04   3.5099415e+01   1.3906697e+02
   1.6979000e+04   3.7800659e+01  -1.2243689e+02
   7.9162000e+04   3.3379063e+01  -1.1197208e+02
   6.4343000e+04   5.9315304e+01   1.8071720e+01
   1.2746000e+04   3.4072082e+01  -1.1835789e+02
   1.4656000e+04   3.0408535e+01  -9.7719835e+01
   5.8200000e+04   4.3665877e+01  -7.9591473e+01
   6.3544000e+04   3.7036518e+01  -1.0090754e+02
   7.3045000e+04   5.1579131e+01  -3.3700592e-01
   1.4926000e+04   4.7613825e+01  -1.2231418e+02
   6.3221000e+04   3.7319663e+01  -1.2204472e+02
   6.8484000e+04   6.6604700e+01   1.9826575e+01
   4.6465000e+04   5.1115557e+01  -1.8980920e-01
   3.6120000e+03   3.2835637e+01  -9.6752946e+01
   7.6861000e+04   3.3483465e+01  -8.6791503e+01
   6.7220000e+04   4.7366156e+00   1.1456828e+02
   6.3998000e+04   4.0745575e+01  -7.3948194e+01
   1.0787000e+04   3.7401038e+01  -1.2211094e+02
   2.5930000e+04   5.0950007e+01   6.9287747e+00
   6.8105000e+04   5.1206265e+01   6.8325090e+00
   5.3203000e+04   6.4467634e+01   1.1490249e+01
   2.7864000e+04  -3.3867520e+01   1.5120781e+02
   2.3322000e+04   5.9330492e+01   1.8028238e+01
   5.6556000e+04   3.0284067e+01  -9.7737873e+01
   3.1916000e+04   5.9826683e+01   1.0470884e+01
   4.7650000e+04   4.9600392e+01   6.1300420e+00
   7.4889000e+04   2.6145884e+01  -8.0286498e+01
   6.4322000e+04   3.0395679e+01  -9.7727249e+01
   7.2776000e+04   4.8874933e+01   2.3406351e+00
   4.7525000e+04   5.6196884e+01   1.5647064e+01
   8.1874000e+04   4.4909040e+01  -9.3080577e+01
   1.1515000e+04   3.7486622e+01  -1.2222770e+02
   3.9662000e+04   4.0643885e+01  -7.3782806e+01
   5.3447000e+04   4.5520206e+01  -1.2267948e+02
   7.8314000e+04   4.9801075e+01   9.9781072e+00
   6.5226000e+04   5.9860328e+01   1.7640545e+01
   6.4737000e+04   4.0760918e+01  -7.3981298e+01
   6.9611000e+04   3.4196114e+01  -1.1835391e+02
   7.3390000e+04   4.0800646e+01  -7.4359428e+01
   6.5505000e+04   3.8298947e+01  -7.7515139e+01
   1.2411000e+04   3.7434432e+01  -1.2190015e+02
   5.6588000e+04   5.7702273e+01   1.1986202e+01
   4.7198000e+04   5.9854644e+01   1.7639387e+01
   4.4851000e+04   3.5971338e+01  -7.8956380e+01
   5.0689000e+04  -2.3625908e+01  -4.6660105e+01
   5.9310000e+04   4.3011171e+01  -8.9459849e+01
   6.9400000e+02   3.4242843e+01  -1.1691148e+02
   6.0316000e+04   5.5599712e+01   1.3031776e+01
   7.0774000e+04   5.5651256e+01   1.3107626e+01
   6.3483000e+04   3.7980579e+01   2.3721559e+01
   3.5360000e+04   5.0907206e+01   6.9597796e+00
   7.1035000e+04   3.3980019e+01  -8.4080232e+01
   5.7400000e+02   3.5376768e+01  -9.7518124e+01
   8.4410000e+03   3.3826952e+01  -1.1802516e+02
   6.0014000e+04   3.7820424e+01  -1.2226890e+02
   5.0439000e+04   4.9018353e+01   1.2097299e+01
   7.2140000e+03   3.6158667e+01  -9.5817604e+01
   5.1070000e+04   3.2467219e+01  -9.9710455e+01
   9.5000000e+02   3.5778225e+01  -7.8638319e+01
   2.6254000e+04   3.4104607e+01  -1.1829166e+02
   4.2807000e+04   5.0735156e+01   7.0983281e+00
   7.5512000e+04   4.1929238e+01  -8.7642697e+01
   6.9674000e+04   3.5451257e+01  -9.7436821e+01
   6.0066000e+04   5.3027827e+01  -1.4611813e+00
   1.3941000e+04   4.0539985e+01  -1.1198071e+02
   6.5302000e+04   4.7374385e+01   8.5424066e+00
   1.0091000e+04   3.7812314e+01  -1.2224770e+02
   3.8270000e+03   4.7625841e+01  -1.2235777e+02
   3.9421000e+04   5.9248712e+01   1.7964320e+01
   8.5190000e+04   2.9583534e+01  -9.8620738e+01
   8.1354000e+04   4.4881235e+01  -9.3214102e+01
   3.2080000e+03   3.3127562e+01  -9.6660114e+01
   4.3328000e+04   3.5968169e+01  -8.3265520e+01
   2.7278000e+04   5.0957501e+01   7.9937768e+00
   5.7777000e+04   5.7733993e+01   1.2897723e+01
   2.4714000e+04   5.8375039e+01   1.5710821e+01
   5.9979000e+04   3.4691699e+01  -8.6574757e+01
   6.3084000e+04   3.4985818e+01   3.4008590e+01
   4.8987000e+04   4.9595511e+01   1.1104394e+01
   7.6588000e+04   3.7794498e+01  -1.2240403e+02
   5.0023000e+04   5.9349345e+01   1.8059421e+01
   3.5722000e+04   5.9364057e+01   1.7966486e+01
   5.0597000e+04   6.2336532e+01   1.7368734e+01
   4.3503000e+04   5.1155703e+01  -1.6061997e-01
   3.3345000e+04   3.7563318e+01   1.2696780e+02
   5.9137000e+04   5.5602546e+01   1.3000537e+01
   7.5480000e+03   3.3982931e+01  -1.1843301e+02
   3.0110000e+03   3.3492433e+01  -1.1769727e+02
   2.1327000e+04   5.5673440e+01   1.3135604e+01
   8.0945000e+04   4.5308660e+01  -7.5911543e+01
   5.1855000e+04   1.8440815e+01  -6.6457747e+01
   6.2278000e+04   3.3412269e+01  -1.1197994e+02
   6.8861000e+04   3.2878422e+01  -9.7097917e+01
   8.2831000e+04   3.7713331e+01  -1.2248498e+02
   3.1410000e+04   5.7676338e+01   1.5842229e+01
   5.2218000e+04   6.2389907e+01   1.7312136e+01
   5.0195000e+04   5.3140360e+01   8.2148076e+00
   7.4649000e+04   4.6526522e+01  -8.4316281e+01
   3.3459000e+04   5.0077972e+01   1.4435814e+01
   8.3300000e+03   4.5755449e+01  -1.2287838e+02
   4.5201000e+04   4.3379234e+01  -7.9761429e+01
   3.9363000e+04   5.6670105e+01   1.6339601e+01
   1.1412000e+04   3.5493032e+01  -9.7522298e+01
   1.3613000e+04   4.0396965e+01  -1.0473547e+02
   6.8185000e+04   3.0258011e+01  -9.7739739e+01
   5.7687000e+04   5.0719082e+01  -1.1548900e+00
   4.1294000e+04   5.9350967e+01   1.8026107e+01
   6.6476000e+04   2.4468758e+01   5.4323355e+01
   1.2230000e+03   2.9519210e+01  -9.5120507e+01
   4.1516000e+04   5.9336752e+01   1.8018951e+01
   4.8159000e+04   3.0202607e+01  -9.7878613e+01
   7.1475000e+04   6.0299048e+01   8.5314157e+00
   4.8920000e+04   3.3679113e+01  -1.1786127e+02
   1.7122000e+04   3.8033310e+01  -9.2837102e+01
   6.0540000e+04   2.8372712e+01  -8.1515168e+01
   7.1160000e+04   3.7782558e+01  -1.2240013e+02
   6.6567000e+04   4.1939877e+01  -8.7657309e+01
   6.6686000e+04   3.5785339e+01  -7.8647518e+01
   8.4432000e+04   3.0277097e+01  -9.7741171e+01
   4.3256000e+04   3.7906451e+01  -1.2254688e+02
   6.3981000e+04   4.3703425e+01  -7.9415343e+01
   5.7210000e+04   4.9832823e+01   9.8709561e+00
   1.5300000e+03   3.1595275e+01  -9.7106626e+01
   6.3372000e+04   2.9848305e+01  -9.5504439e+01
   4.1908000e+04   5.0103962e+01   8.6498558e+00
   5.6761000e+04   3.2891447e+01  -9.7040180e+01
   4.9906000e+04   3.4024225e+01  -8.4307180e+01
   3.5541000e+04   4.8008968e+01   1.6234521e+01
   6.6772000e+04   3.8943066e+01  -9.4742214e+01
   8.4260000e+04   3.3759526e+01  -8.4393282e+01
   7.4730000e+04   4.8406087e+01  -1.2264457e+02
   4.5453000e+04   5.2520829e+01   1.3415545e+01
   3.5992000e+04   5.7697514e+01   1.1964556e+01
   3.3679000e+04   3.8734770e+01  -9.1470516e+00
   2.3473000e+04   5.5579853e+01   1.3063556e+01
   7.9229000e+04   3.9212728e+01  -7.6937062e+01
   6.7350000e+04   3.7560816e+01  -1.2228250e+02
   2.5197000e+04   5.9219023e+01   1.7941972e+01
   2.8702000e+04   2.7927058e+01  -8.2453904e+01
   6.7820000e+03   4.9455777e+01   1.1081979e+01
   8.0723000e+04   4.1866315e+01  -8.7607801e+01
   7.4282000e+04   6.4761379e+01   2.0967257e+01
   5.7347000e+04   3.9090267e+01  -9.4585226e+01
   8.7840000e+03  -1.9929822e+01  -4.3994730e+01
   8.8290000e+03   3.7742799e+01  -1.2247817e+02
   6.8980000e+03   3.0269811e+01  -9.7748970e+01
   1.0295000e+04   3.9060443e+01  -7.7155495e+01
   6.7253000e+04   5.5608210e+01   1.3001097e+01
   8.0306000e+04   3.9092366e+01  -7.7540816e+01
   1.5892000e+04   3.5788333e+01   1.3961251e+02
   6.6177000e+04   3.5870946e+01  -7.8580485e+01
   9.7170000e+03   4.5554497e+01  -1.2267573e+02
   7.2429000e+04   3.4088775e+01  -1.1827682e+02
   7.8825000e+04   5.9256338e+01   1.7981964e+01
   7.1008000e+04   4.1052055e+01  -7.3536088e+01
   4.2830000e+04   5.9892131e+01   1.0774619e+01
   4.4918000e+04   5.1245873e+01   6.7711441e+00
   6.5017000e+04   5.9337540e+01   1.8077917e+01
   2.5530000e+03   4.0725158e+01  -7.3999823e+01
   5.8352000e+04   3.4266387e+01  -8.5307527e+01
   6.6589000e+04   4.4243423e+01  -8.8359477e+01
   3.3880000e+03   3.7669762e+01  -1.2208702e+02
   7.5202000e+04   5.1531060e+01   7.3811603e+00
   7.8324000e+04   3.0248643e+01  -9.7769439e+01
   1.7151000e+04   3.5611848e+01  -9.7558379e+01
   4.8830000e+04   3.9159681e+01  -7.7279722e+01
   8.6267000e+04   3.8733087e+01  -9.2795531e+00
   1.9590000e+03   4.4585021e+01  -1.2328162e+02
   7.3713000e+04   4.6730741e+01  -1.1716277e+02
   5.1598000e+04   2.4641117e+01   4.6717210e+01
   8.3516000e+04   5.1903040e+01   8.9896917e-01
   7.3062000e+04   4.4978111e+01  -9.3277895e+01
   1.6351000e+04   4.0730272e+01  -7.3986138e+01
   7.1492000e+04   3.7781509e+01  -1.2240503e+02
   3.7770000e+03   3.0306545e+01  -9.7745247e+01
   6.7188000e+04   5.9347647e+01   1.8042062e+01
   8.2302000e+04   4.8135095e+01   1.1578216e+01
   7.5628000e+04   4.2343081e+01  -7.1787716e+01
   7.7610000e+04   3.8327906e+01  -8.5817371e+01
   6.8595000e+04   4.3481024e+01  -1.1076288e+02
   2.3296000e+04   5.0121960e+01   8.6501025e+00
   4.9081000e+04   1.2543266e+01   9.9964628e+01
   6.2778000e+04   5.5415736e+01   1.2859452e+01
   6.2846000e+04   6.2741225e+01   7.1915871e+00
   6.7860000e+04   6.0100136e+01   1.9942825e+01
   8.1790000e+04   3.5530633e+01  -9.7578630e+01
   1.2887000e+04   5.1251225e+01   6.4757216e+00
   6.6842000e+04   3.5068086e+01  -1.0650167e+02
   5.8704000e+04   3.4865802e+01  -8.2396291e+01
   7.3390000e+04   4.0915261e+01   8.1967775e+00
   4.1593000e+04   2.4781460e+01   4.6741365e+01
   6.0206000e+04   5.1504157e+01   7.1041095e+00
   5.8575000e+04   2.4698197e+01   4.6686782e+01
   2.6050000e+03   4.0757673e+01  -7.3975974e+01
   5.8549000e+04   4.0401292e+01  -8.0550360e+01
   2.8874000e+04   4.3878993e+01   1.1109981e+01
   4.4483000e+04   4.9930677e+01   8.6479850e+00
   4.0883000e+04   3.3768009e+01  -8.4393904e+01
   7.8285000e+04   4.2842084e+01  -8.8749647e+01
   6.0459000e+04   5.0098553e+01   1.4406563e+01
   5.3367000e+04   5.8595299e+01   1.6175864e+01
   3.6390000e+03   3.8335335e+01  -1.2304804e+02
   8.4159000e+04   3.3889552e+01  -1.1839541e+02
   7.0108000e+04   5.6032911e+01   1.2719966e+01
   2.7870000e+03   3.5741829e+01  -8.1366586e+01
   7.9068000e+04   2.6319527e+01  -8.0126610e+01
   6.1931000e+04   3.0264201e+01  -9.7770810e+01
   8.5685000e+04   3.0318151e+01  -9.7722155e+01
   7.1860000e+04   3.4037221e+01  -1.1844189e+02
   5.3961000e+04   5.7706181e+01   1.1940745e+01
   6.7350000e+04   2.9781066e+01  -9.5540886e+01
   7.8187000e+04   5.1378484e+01   5.3454816e-01
   6.4998000e+04   4.7316940e+01   8.5529415e+00
   5.4137000e+04   5.1890051e+01  -4.8436200e-01
   9.5670000e+03   3.7282508e+01  -7.6720641e+01
   7.7831000e+04   3.2078976e+01  -8.1087036e+01
   3.6356000e+04   5.9335470e+01   1.8013180e+01
   6.1699000e+04   3.0354417e+01  -9.7733349e+01
   5.0280000e+03   3.4108018e+01  -1.1765986e+02
   6.9974000e+04   3.0300445e+01  -9.7719698e+01
   1.3270000e+03   3.3840291e+01  -1.1839151e+02
   5.7090000e+04   2.9689414e+01  -9.5558287e+01
   3.0297000e+04   4.9392492e+01   1.5593537e+01
   5.3001000e+04   3.0250618e+01  -9.7765900e+01
   2.2641000e+04   1.9442151e+01  -9.9073763e+01
   1.2620000e+03   4.2390449e+01  -7.2532956e+01
   7.2030000e+04   3.2807570e+01  -9.6625008e+01
   1.9470000e+03   4.0445343e+01  -7.5892342e+01
   4.5938000e+04   5.0000236e+01   8.2691860e+00
   6.2803000e+04   5.1508075e+01  -1.2487292e-01
   4.3340000e+04   5.1502571e+01  -1.1204498e-01
   6.9240000e+03   3.0248327e+01  -9.7769538e+01
   8.1680000e+04   4.7994265e+01   1.8174070e+01
   6.8942000e+04   5.7166925e+01  -2.0962337e+00
   5.9047000e+04   6.0161689e+01   2.4933579e+01
   7.0704000e+04   3.7295318e+01  -1.2192776e+02
   7.1680000e+03   3.0252885e+01  -9.7700569e+01
   4.0684000e+04   5.9298303e+01   1.8079976e+01
   3.7178000e+04   5.8411801e+01   1.5620810e+01
   6.4582000e+04   3.0432394e+01  -9.7735641e+01
   5.9377000e+04   3.2438350e+01  -9.9676614e+01
   6.5031000e+04   3.6486991e+01   1.2742963e+02
   2.9148000e+04   5.8461305e+01   8.7501830e+00
   5.7310000e+04   5.1509892e+01  -1.3703438e-01
   4.5999000e+04   5.0079070e+01   1.4345073e+01
   4.4090000e+04   6.0684715e+01   1.3712521e+01
   6.3485000e+04   3.2810632e+01  -9.6839547e+01
   8.3555000e+04   4.1628695e+01  -8.7930481e+01
   5.7163000e+04   3.3105934e+01  -9.6839488e+01
   6.1877000e+04   5.5416649e+01   1.2978712e+01
   7.9420000e+04   3.7310588e+01  -7.9499540e+01
   7.0948000e+04   3.7439369e+01  -1.2217377e+02
   8.5716000e+04   4.9087475e+00   1.1492011e+02
   6.9941000e+04   5.9333857e+01   1.8032341e+01
   6.3868000e+04   5.1542810e+01   6.5468431e-01
   1.3023000e+04   3.7797522e+01  -1.2243259e+02
   6.3192000e+04   3.7780912e+01  -1.2246213e+02
   5.4359000e+04   5.9279699e+01   1.8050096e+01
   6.0297000e+04   3.5471788e+01  -9.7513917e+01
   3.1114000e+04   6.3690913e+01   2.0228597e+01
   1.9471000e+04   5.9312600e+01   1.8012967e+01
   6.4421000e+04   5.3574743e+01   1.0036066e+01
   6.4843000e+04   3.2890444e+01  -9.7036507e+01
   7.0882000e+04   5.7695777e+01   1.1951902e+01
   7.0482000e+04   3.2525971e+01  -9.4363212e+01
   3.3283000e+04   5.1348842e+01  -3.1705856e-01
   2.6306000e+04   4.7289640e+01   1.1887020e+01
   8.4282000e+04   3.3775491e+01  -8.4355699e+01
   1.0842000e+04   3.7839845e+01  -1.2229957e+02
   1.2004000e+04   5.9650051e+01   1.7932262e+01
   3.3144000e+04   4.7684012e+01  -1.2210260e+02
   4.7254000e+04   5.2453597e+01   1.3429692e+01
   5.3178000e+04   5.8618660e+01   8.8776714e+00
   3.5458000e+04   5.9633074e+01   1.7083306e+01
   8.2664000e+04   3.5909939e+01  -7.9071708e+01
   6.4620000e+04   4.1921907e+01  -8.7638977e+01
   6.6257000e+04   4.7605751e+01  -1.2233307e+02
   6.9933000e+04   5.2527384e+01   1.3415573e+01
   2.2074000e+04   1.3767252e+01   1.0057041e+02
   6.5287000e+04   3.6817701e+01  -1.1406362e+02
   6.5131000e+04   4.1181630e+01  -7.3252448e+01
   7.5442000e+04   4.4511992e+01  -7.3183794e+01
   7.8441000e+04   3.7798828e+01  -1.2243588e+02
   2.3072000e+04   5.0835500e+01   4.3359518e+00
   2.5085000e+04   5.1253735e+01   7.1444728e+00
   6.4821000e+04   5.5704257e+01   1.3199810e+01
   6.4760000e+04   4.8151762e+01   1.1579373e+01
   8.3824000e+04   4.9312416e+01  -1.2301962e+02
   6.4071000e+04   4.1053507e+01  -7.3769444e+01
   8.5209000e+04   3.3856340e+01  -9.8536731e+01
   8.4620000e+04   4.3607432e+01  -1.1628414e+02
   2.4940000e+04   5.7685389e+01   1.1925498e+01
   6.2210000e+04   1.8461281e+01  -6.7054747e+01
   6.1308000e+04   6.1105019e+01   5.5069506e+00
   6.0872000e+04   4.9221031e+01   1.7664449e+01
   2.9957000e+04   5.1505798e+01  -8.6088890e-02
   1.9764000e+04   3.7340246e+01  -7.9192049e+01
   7.0331000e+04   5.9935076e+01   1.0774563e+01
   4.3724000e+04   1.3399417e+00   1.0370668e+02
   6.2965000e+04   4.2996824e+01  -8.8045474e+01
   7.4010000e+04   3.5924304e+01  -8.6871394e+01
   6.6069000e+04   1.9699739e+01  -1.5508130e+02
   5.0266000e+04   5.9349620e+01   1.8099221e+01
   4.6363000e+04   4.8889577e+01   2.2414005e+00
   4.8291000e+04   5.9414663e+01   1.8555067e+01
   7.5830000e+04   3.9143425e+01  -8.4518542e+01
   1.9523000e+04   3.3809159e+01  -8.4412690e+01
   3.7390000e+04   5.7719752e+01   1.1848914e+01
   6.7994000e+04   4.7658753e+01  -1.2267895e+02
   3.6020000e+04   5.9237269e+01   1.7980263e+01
   5.9350000e+04   4.0858214e+01  -8.1484504e+01
   7.3064000e+04   4.1813422e+01  -8.7723588e+01
   8.2956000e+04   3.0196941e+01  -9.8022935e+01
   5.6412000e+04   5.7700296e+01   1.1913751e+01
   8.0739000e+04   4.4959702e+01  -9.3102989e+01
   7.7111000e+04   2.5792258e+01  -8.0129559e+01
   6.2458000e+04   6.0382777e+01   5.3292556e+00
   1.4820000e+03   3.0210789e+01  -9.7774968e+01
   6.5764000e+04   3.9483886e+01  -8.8332329e+01
   4.5039000e+04   3.9952069e+01  -7.5145041e+01
   4.4407000e+04   2.4587735e+01   4.6693272e+01
   8.3782000e+04   2.9983970e+01  -9.0257835e+01
   6.1840000e+04   2.7640307e+01  -8.0398676e+01
   3.8799000e+04   5.7696176e+01   1.1868289e+01
   4.3471000e+04   2.7756532e+01  -8.2737297e+01
   5.2490000e+04   5.9533459e+01   1.8079148e+01
   5.4160000e+04   5.9189383e+01   1.7570400e+01
   3.1520000e+03   3.2796272e+01  -9.6778337e+01
   9.2450000e+03   3.4023322e+01  -1.1839449e+02
   5.9202000e+04   5.9331373e+01   1.8058165e+01
   5.9784000e+04   4.3653374e+01  -7.9362790e+01
   6.6088000e+04   5.5588661e+01   1.3013023e+01
   6.2285000e+04   3.2365735e+01  -8.8700502e+01
   8.1026000e+04   3.6143091e+01  -1.1525394e+02
   6.4121000e+04   3.7788323e+01  -1.2243374e+02
   7.0313000e+04   4.0459480e+01  -7.9924803e+01
   6.5243000e+04   3.7786165e+01  -1.2240869e+02
   5.0417000e+04   4.7071262e+01   1.5440276e+01
   6.6768000e+04   3.3045631e+01  -1.1729740e+02
   7.1183000e+04   3.9966260e+01  -7.6768668e+01
   3.3427000e+04   5.3551361e+01   1.0002380e+01
   7.1423000e+04   4.0768444e+01  -7.3982846e+01
   6.6859000e+04   3.0279981e+01  -9.7742722e+01
   8.4362000e+04   3.2749058e+01  -9.7432105e+01
   3.7800000e+04   5.2395977e+01   5.2649617e+00
   7.5298000e+04   4.0761252e+01  -7.3978050e+01
   7.3071000e+04   3.1983826e+01  -8.1173547e+01
   6.8681000e+04   4.0914680e+01  -7.3120408e+01
   6.1558000e+04   3.5537037e+01  -9.7487791e+01
   1.0271000e+04   2.1406758e+01   3.9796613e+01
   4.5301000e+04   5.2269756e+01   8.0398557e+00
   5.7659000e+04   3.3876706e+01  -1.1758686e+02
   4.3406000e+04   5.9320596e+01   1.8071855e+01
   4.9519000e+04   3.4742286e+01  -9.2266932e+01
   2.2234000e+04   4.7666144e+01  -1.2238285e+02
   7.6125000e+04   3.2779752e+01  -9.6808391e+01
   8.5505000e+04   4.0428465e+01  -7.9971228e+01
   2.2850000e+03   3.0283803e+01  -9.7720575e+01
   9.6280000e+03   3.9708095e+01  -1.0507708e+02
   1.8417000e+04   3.9947361e+01  -7.5161332e+01
   6.0573000e+04   3.5472585e+01  -9.7511013e+01
   5.4696000e+04   4.0843046e+01  -7.6836952e+01
   5.8825000e+04   5.6063663e+01   1.0157611e+01
   3.4410000e+03   5.0820662e+01  -1.4337725e-01
   3.4627000e+04   3.7427112e+01  -1.2214919e+02
   3.3136000e+04   6.3832664e+01   2.0218905e+01
   7.6528000e+04   4.5439624e+01   2.8056593e+01
   3.4185000e+04   5.9326403e+01   1.8104267e+01
   8.0211000e+04   4.0418095e+01  -3.7094951e+00
   5.4536000e+04   3.9761736e+01  -8.6329035e+01
   5.7483000e+04   5.9091283e+01   1.8132226e+01
   7.8807000e+04   3.7522924e+01  -1.2200552e+02
   1.4702000e+04   5.1544147e+01   7.2171378e+00
   7.9531000e+04   4.4022412e+01  -9.2466755e+01
   7.6050000e+04   3.7786202e+01  -1.2240625e+02
   1.3647000e+04   3.3948145e+01  -1.1699844e+02
   7.8222000e+04   5.9328620e+01   1.8064420e+01
   8.1306000e+04   3.3043601e+01  -9.6561445e+01
   5.9507000e+04   3.0263608e+01  -9.7739568e+01
   2.7913000e+04   6.0603350e+01   1.5603526e+01
   4.7706000e+04   4.4298052e+01   1.1660671e+01
   4.9596000e+04   6.2390971e+01   1.7306943e+01
   2.1564000e+04   4.0733909e+01  -7.4000098e+01
   5.4098000e+04   5.1713501e+01  -5.0302058e+00
   4.7770000e+04   5.9931578e+01   1.0940196e+01
   6.0023000e+04   2.4708524e+01   4.6687594e+01
   3.4775000e+04   6.1242083e+01   9.0520477e+00
   5.8453000e+04   5.9288518e+01   1.7811703e+01
   3.7969000e+04   4.9194087e+01   1.6607305e+01
   1.4702000e+04   3.9995905e+01  -8.3043417e+01
   4.9457000e+04   5.1505648e+01  -9.9666933e-02
   6.1582000e+04   3.9947985e+01  -7.5165142e+01
   6.2439000e+04   5.8913934e+01   1.7942412e+01
   3.3481000e+04   5.7741067e+01   1.2125591e+01
   5.4438000e+04   5.1050129e+01   3.7300622e+00
   4.1220000e+03   3.3375971e+01  -9.7176500e+01
   8.2384000e+04   5.1068675e+01  -1.7933000e+00
   7.0311000e+04   5.9348186e+01   1.7987728e+01
   6.2609000e+04   5.9927460e+01   1.0727915e+01
   6.3963000e+04   2.5830273e+01  -8.0191072e+01
   4.0215000e+04   5.1493821e+01  -1.2531281e-02
   4.5503000e+04   5.3922159e+01  -1.0774755e+00
   4.5180000e+04   2.6454648e+01  -8.1955253e+01
   6.9494000e+04   3.3817546e+01  -8.4313447e+01
   8.2767000e+04   4.0019193e+01  -1.0527744e+02
   6.9715000e+04   4.5352905e+01  -7.5645355e+01
   8.3409000e+04  -4.2886652e+01   1.4733172e+02
   7.5419000e+04   2.8416682e+01  -1.6550572e+01
   5.5649000e+04   6.1232253e+01   1.6832771e+01
   5.2344000e+04   5.9064331e+01   1.1209314e+01
   4.4782000e+04   5.8417364e+01   1.5635616e+01
   7.5447000e+04   4.2886800e+01  -8.5730153e+01
   7.1661000e+04   3.8891075e+01  -1.0475856e+02
   6.1776000e+04   3.0299733e+01  -9.7721730e+01
   5.5642000e+04   4.0711435e+01  -7.4012189e+01
   8.2758000e+04   3.2904641e+01  -9.7035981e+01
   4.5377000e+04   3.2293263e+01  -9.5290966e+01
   6.6690000e+04   3.0365679e+01  -9.1636892e+01
   5.3482000e+04   3.0578052e+01  -9.7690804e+01
   7.0178000e+04   3.2365973e+01  -8.8668222e+01
   7.4238000e+04   3.7309117e+01  -1.2201219e+02
   1.8172000e+04   3.5695548e+01   1.3969176e+02
   8.0334000e+04   3.4215859e+01  -7.8020599e+01
   2.4300000e+03   2.6394379e+01  -8.0121935e+01
   4.0222000e+04  -2.6118144e+01   2.8141942e+01
   2.4097000e+04   5.2080732e+01   4.3219292e+00
   4.0392000e+04   4.9534345e+01   8.0696940e+00
   2.3553000e+04   5.9332566e+01   1.8069044e+01
   5.0485000e+04   5.5578675e+01   1.2918205e+01
   6.0210000e+04   3.3299822e+01  -1.1184190e+02
   1.2830000e+04   4.1900029e+01  -8.7623809e+01
   1.2954000e+04   3.4084567e+01  -1.1729874e+02
   6.6209000e+04   2.8191834e+01  -8.2549440e+01
   8.1611000e+04   3.4134808e+01  -1.1804910e+02
   7.4169000e+04   5.3485042e+01  -2.2398809e+00
   5.7401000e+04   3.5482171e+01  -9.7523177e+01
   7.5564000e+04   4.0712760e+01  -7.4012275e+01
   7.4786000e+04   4.0796164e+01  -7.4315056e+01
   5.7701000e+04   3.3940688e+01  -1.1840453e+02
   3.8454000e+04   5.0082047e+01   1.4419684e+01
   5.0417000e+04   4.2442010e+01  -7.1342380e+01
   5.9338000e+04   4.0733962e+01  -7.3993015e+01
   1.1266000e+04   4.4948879e+01  -9.3288952e+01
   7.6575000e+04   4.0731509e+01  -7.4000595e+01
   6.4300000e+03   3.0179435e+01  -8.1553883e+01
   4.2211000e+04   5.1337737e+01   1.2373374e+01
   8.5313000e+04   4.0470824e+01  -8.9001472e+01
   1.7768000e+04   3.4150479e+01  -1.1825528e+02
   8.4898000e+04   3.8939511e+01  -9.2774429e+01
   6.2008000e+04   5.1226453e+01   6.9119979e+00
   5.9330000e+04   4.8747679e+01  -1.2247832e+02
   3.5269000e+04   6.3431489e+01   1.0395405e+01
   4.3870000e+04   4.6939256e+01   7.4372465e+00
   6.1675000e+04   3.3994802e+01  -8.1225381e+01
   3.7763000e+04   5.9913359e+01   1.0729179e+01
   3.2524000e+04   5.1239992e+01  -2.0691895e-01
   8.4028000e+04   3.7784529e+01  -1.2240867e+02
   6.7220000e+03   3.4824112e+01  -8.2292827e+01
   4.8694000e+04   5.1919690e+01   4.4809684e+00
   9.3770000e+03   4.5417432e+01  -7.5691060e+01
   2.2125000e+04   3.3813068e+01  -1.1791787e+02
   3.1381000e+04   1.3827865e+01   1.0056800e+02
   6.7808000e+04   3.7426049e+01  -1.2214492e+02
   7.6454000e+04  -3.7851247e+01   1.4498100e+02
   8.4826000e+04   3.0197607e+01  -9.7786067e+01
   7.5419000e+04   4.8365345e+01   1.0894377e+01
   2.5626000e+04   3.5676972e+01   1.3976264e+02
   1.9670000e+03   2.8644709e+01   7.7174233e+01
   1.9137000e+04   4.0697398e+01  -7.3382683e+01
   6.1706000e+04   2.9085835e+01  -1.1095890e+02
   5.5024000e+04   5.7656779e+01   1.2028946e+01
   7.6827000e+04   5.9318499e+01   1.8069967e+01
   1.2495000e+04   3.7804105e+01  -1.2246843e+02
   6.3118000e+04   3.6120671e+01  -1.1513711e+02
   6.0072000e+04   4.3074574e+01  -8.7881370e+01
   7.4367000e+04   4.2790118e+01  -8.6105411e+01
   5.5692000e+04   5.3555686e+01   9.9601632e+00
   2.0682000e+04   3.1231324e+01   1.2145511e+02
   6.5918000e+04   2.5789628e+01  -8.0188976e+01
   4.5010000e+03   3.0268519e+01  -9.7736177e+01
   7.0104000e+04   4.2347426e+01  -1.2287833e+02
   4.7256000e+04   5.9359839e+01   1.8000798e+01
   6.0629000e+04   3.5609777e+01  -9.7549718e+01
   4.3370000e+04   3.9586925e+01   2.6856621e+00
   2.2462000e+04   5.5715786e+01   1.3176384e+01
   3.5722000e+04   5.4912007e+01  -1.3780788e+00
   5.6607000e+04   3.3049455e+01  -1.1729188e+02
   5.1891000e+04   3.0264172e+01  -9.7742503e+01
   3.8810000e+03   4.0037394e+01  -8.5997555e+01
   2.9190000e+03   3.8629343e+01  -7.7288990e+01
   3.9380000e+03   3.7643849e+01  -9.2671506e+01
   8.5787000e+04   3.0401168e+01  -9.7746563e+01
   7.4810000e+03   3.8360579e+01  -1.2196612e+02
   5.8618000e+04   3.5015210e+01  -8.5163601e+01
   7.8700000e+03   3.5500688e+01  -9.7520824e+01
   4.6000000e+04   5.6649847e+01   1.6476750e+01
   5.9113000e+04   3.7422120e+01  -1.2213797e+02
   7.5986000e+04   2.4709067e+01   4.6779127e+01
   4.4545000e+04   4.8085340e+01   1.6296036e+01
   5.9991000e+04   4.1533854e+01  -9.3647947e+01
   7.9086000e+04   3.7743961e+01  -1.2242215e+02
   5.3663000e+04   3.6115422e+01  -7.9957740e+01
   5.4997000e+04   3.5115060e+01  -9.2410282e+01
   4.1113000e+04   5.1553807e+01   6.6679716e-01
   6.1850000e+03   3.7786767e+01  -1.2240307e+02
   8.0877000e+04   5.5668237e+01   1.2584474e+01
   6.0219000e+04   5.5602978e+01   1.3019568e+01
   7.4519000e+04   4.1473425e+01  -7.1959333e+01
   7.8271000e+04   3.5540538e+01  -9.7457625e+01
   5.0045000e+04   3.4862588e+01  -8.2339675e+01
   6.8123000e+04   4.4865416e+01  -9.3288096e+01
   8.4674000e+04   3.4059305e+01  -8.4382237e+01
   8.0886000e+04   4.0295403e+01  -7.4868054e+01
   7.1909000e+04   3.4115692e+01  -1.1817514e+02
   5.7981000e+04   3.4148887e+01  -1.1834266e+02
   1.9900000e+03   3.0432503e+01  -9.7771341e+01
   4.5362000e+04   4.2026410e+01  -8.8278940e+01
   6.6160000e+04   3.4204430e+01  -1.1885431e+02
   6.9356000e+04   3.6081115e+01  -7.9770406e+01
   8.2759000e+04   3.7519057e+01   1.2705184e+02
   5.5686000e+04   5.9395003e+01   1.7898684e+01
   8.3115000e+04   5.1454890e+01   6.9957983e+00
   8.3620000e+04   2.9872521e+01  -9.7668966e+01
   7.2682000e+04   3.3804777e+01  -1.1833535e+02
   8.5807000e+04   4.0744221e+01  -7.3884891e+01
   5.9342000e+04   4.9480450e+01   8.4712529e+00
   2.0605000e+04   5.9181493e+01   1.7644429e+01
   1.9387000e+04   4.0722709e+01  -7.3795554e+01
   5.0528000e+04   5.2235369e+01   2.0996568e+01
   2.2819000e+04   3.0261980e+01  -9.7729504e+01
   7.5790000e+03   3.0296053e+01  -9.7705500e+01
   4.9515000e+04   5.7639351e+01   1.2053094e+01
   3.4160000e+04   6.0472672e+01   2.2010314e+01
   8.5061000e+04   4.3450396e+01  -7.9759921e+01
   1.2953000e+04   3.7787327e+01  -1.2240760e+02
   7.5343000e+04   4.5508039e+01  -7.3568208e+01
   7.6256000e+04   3.8249828e+01  -8.5626200e+01
   2.4658000e+04   3.3300091e+01   1.3149609e+02
   5.7398000e+04   3.9813926e+01  -7.5547442e+01
   5.2970000e+03   4.2259598e+01  -8.5677130e+01
   5.9799000e+04   3.9858957e+01  -1.0467190e+02
   8.2254000e+04   5.7700911e+01   1.1954237e+01
   1.1119000e+04   3.2231674e+01  -1.1096400e+02
   7.8970000e+04   3.6145006e+01  -8.6812861e+01
   5.0025000e+04   4.2265704e+01  -8.8244080e+01
   7.6277000e+04   3.0270734e+01  -9.7753703e+01
   5.6852000e+04   3.3794297e+01  -1.1776719e+02
   2.5093000e+04   5.5608619e+01   1.3006450e+01
   5.5812000e+04   6.5841790e+01   2.4119661e+01
   6.7249000e+04   4.3209746e+01  -7.1531233e+01
   6.1003000e+04   4.9794231e+01   9.9287975e+00
   3.6992000e+04   5.9308068e+01   1.8076137e+01
   7.8960000e+04   5.5599531e+01   1.3010532e+01
   3.0750000e+03   4.0281110e+01  -1.1171736e+02
   7.0612000e+04   3.6973060e+01  -1.2195172e+02
   8.6354000e+04   3.0205225e+01  -9.5463654e+01
   6.4807000e+04   5.7503684e+01   1.1941585e+01
   3.1469000e+04   5.9331450e+01   1.8037344e+01
   1.3498000e+04   4.7264000e+01  -1.2254487e+02
   4.6748000e+04   4.1514715e+01  -8.2916188e+01
   8.0481000e+04   4.2268228e+01  -8.8979361e+01
   1.2390000e+03   3.8110933e+01  -8.9703355e+01
   8.5257000e+04   3.5952398e+01  -7.8971068e+01
   8.4609000e+04   3.8917876e+01  -7.7023950e+01
   5.9802000e+04   4.1953746e+01  -8.7654746e+01
   1.7258000e+04   3.3145421e+01   1.2969006e+02
   7.0154000e+04   2.8910209e+01  -8.1267171e+01
   5.2669000e+04   5.1442970e+01   7.0037027e+00
   5.7796000e+04   4.3492159e+01   1.1300415e+01
   2.2984000e+04   4.0719227e+01  -7.3985847e+01
   1.4272000e+04   3.2545864e+01  -9.4724715e+01
   2.8480000e+03   2.8601201e+01  -8.1326643e+01
   7.7826000e+04   4.0999448e+01  -8.5768154e+01
   5.2636000e+04   5.0812172e+01   4.3823433e+00
   4.9387000e+04   5.5705735e+01   1.2590639e+01
   2.3100000e+03   3.5465406e+01  -9.7514648e+01
   2.6580000e+03   2.9738297e+01  -9.5414948e+01
   3.6652000e+04   1.4653320e+01   1.2103419e+02
   4.0020000e+03   3.7138663e+01  -9.3303868e+01
   8.1770000e+04   3.3990525e+01  -1.1793247e+02
   6.4255000e+04   3.9457300e+01  -3.9116786e-01
   1.6296000e+04   3.7393344e+01  -1.2207966e+02
   7.1071000e+04   4.7007170e+01  -1.2058578e+02
   2.7807000e+04   5.2090022e+01   5.1346171e+00
   7.3001000e+04   2.8094130e+01  -8.2400562e+01
   6.9409000e+04   3.7713858e+01  -9.7408818e+01
   4.4562000e+04   3.5730062e+01   1.3957943e+02
   6.5260000e+04   3.3781693e+01  -8.4380407e+01
   6.5194000e+04   5.1040381e+01  -1.1406565e+02
   6.3491000e+04   5.9920831e+01   1.0728345e+01
   6.0216000e+04   5.9309596e+01   1.8081822e+01
   6.4855000e+04   5.5609233e+01   1.3001193e+01
   9.2100000e+03   4.4567083e+01  -9.2585948e+01
   6.3454000e+04   5.0915534e+01   4.3500848e+00
   1.1794000e+04   3.3945170e+01  -1.1650143e+02
   2.1777000e+04   5.9391571e+01   1.8046964e+01
   6.0053000e+04   3.2845070e+01  -9.6850680e+01
   7.6396000e+04   5.8147110e+01   8.0078205e+00
   4.8033000e+04   3.0275359e+01  -9.7765363e+01
   6.7131000e+04   3.0191092e+01  -8.1548710e+01
   9.3300000e+02   4.1697950e+01  -7.2902695e+01
   5.4826000e+04   5.6660402e+01   1.6359264e+01
   7.7108000e+04   3.3959329e+01  -8.3378731e+01
   2.2384000e+04   5.9334575e+01   1.8034439e+01
   5.4670000e+04   4.8101927e+01   1.1758776e+01
   2.6053000e+04   4.2849099e+01  -8.8753683e+01
   5.5253000e+04   4.0641914e+01  -7.9939249e+01
   3.2213000e+04   5.9362300e+01   1.8059081e+01
   1.4500000e+03   4.3648045e+01  -7.9399728e+01
   7.4136000e+04   3.7786203e+01  -1.2240936e+02
   4.3376000e+04   4.3653318e+01  -7.9465206e+01
   5.2638000e+04   3.2688212e+01  -9.7396153e+01
   8.1447000e+04   3.5962455e+01  -7.9053910e+01
   3.9744000e+04   5.3465135e+01  -2.3471689e+00
   4.8246000e+04   3.0341131e+01  -9.7672521e+01
   6.9477000e+04   5.1854355e+01  -6.2022125e-01
   8.2866000e+04   3.5203671e+01  -9.7424039e+01
   3.8962000e+04  -3.4926158e+01   1.3859521e+02
   1.0412000e+04   3.9283172e+01  -7.6602286e+01
   2.1345000e+04   3.3708080e+01  -1.1624236e+02
   8.6048000e+04   2.1285380e+01  -1.5783566e+02
   3.1624000e+04   3.7785836e+01  -1.2242033e+02
   7.7362000e+04   4.1416155e+01  -8.2637383e+01
   4.7396000e+04   2.9616559e+01  -9.7805151e+01
   7.1870000e+03   3.0204918e+01  -8.5856250e+01
   5.1708000e+04   6.0607417e+01   1.5658482e+01
   6.0743000e+04   3.3354691e+01  -1.1178986e+02
   6.1813000e+04   5.1501530e+01  -1.1977642e-01
   5.6356000e+04   5.9948199e+01   1.0733684e+01
   5.3809000e+04   3.6218509e+01  -1.1532482e+02
   6.2760000e+04   3.5898321e+01  -8.6884525e+01
   2.7418000e+04   5.0863340e+01   5.7126224e+00
   4.7752000e+04   5.9337998e+01   1.8012589e+01
   2.4960000e+04   5.5606298e+01   1.2993561e+01
   4.9260000e+03   2.9748837e+01  -9.5455869e+01
   2.2630000e+04   3.7759689e+01  -1.2242718e+02
   7.7510000e+04   4.2050023e+01  -8.8074456e+01
   6.6698000e+04   5.7727908e+01   1.1933839e+01
   5.0505000e+04   4.8170109e+01   8.6063217e+00
   5.6379000e+04   2.4710534e+01   4.6633402e+01
   7.8043000e+04   3.3845353e+01  -8.4252359e+01
   8.2633000e+04   4.5588906e+01  -1.2259317e+02
   7.0970000e+03   5.1204060e+01   4.4173193e+00
   7.3588000e+04   5.5596029e+01   1.3013176e+01
   6.8319000e+04   4.8997399e+01   1.2076789e+01
   4.2578000e+04   2.8596750e+01  -8.1304193e+01
   2.2242000e+04   3.1997547e+01  -1.0658592e+02
   5.1859000e+04   5.9321032e+01   1.8072854e+01
   2.8650000e+04   5.7638966e+01   1.1951484e+01
   8.4066000e+04   3.9987585e+01  -8.3005830e+01
   6.4604000e+04   5.0114398e+01   8.6792122e+00
   4.4499000e+04   3.2877276e+01  -9.6770161e+01
   5.7467000e+04   3.5466544e+01  -9.7511275e+01
   5.9564000e+04   3.7383337e+01  -1.2189423e+02
   8.4257000e+04   6.0392159e+01   5.3224039e+00
   1.2667000e+04   3.9947914e+01   1.1641841e+02
   7.7827000e+04   3.2072790e+01  -9.6443628e+01
   8.0953000e+04   4.1660371e+01  -8.6214341e+01
   7.3821000e+04   4.3462274e+01  -8.0521694e+01
   6.3133000e+04   3.9063567e+01  -8.4336590e+01
   2.6299000e+04   2.1491383e+01   3.9185059e+01
   6.2423000e+04   4.8872185e+01   2.3332053e+00
   7.3989000e+04   3.3788612e+01  -1.1781612e+02
   5.5186000e+04   4.5529486e+01  -1.2268426e+02
   1.3190000e+03   3.4042823e+01  -8.4419836e+01
   2.2945000e+04   5.8286858e+01   1.2295128e+01
   3.4927000e+04   4.9415711e+01   7.5635290e+00
   5.2773000e+04   3.2840077e+01  -9.7098305e+01
   4.2408000e+04   4.1385261e+01   2.1759897e+00
   4.1934000e+04   6.0629375e+01   1.7411495e+01
   7.6256000e+04   4.1651425e+01  -7.2901424e+01
   8.3574000e+04   4.7444697e+01  -1.2224776e+02
   5.9027000e+04   5.9313855e+01   1.8087916e+01
   5.3398000e+04   3.2897462e+01  -9.7040348e+01
   3.4958000e+04   5.9335175e+01   1.8073828e+01
   7.9881000e+04   5.5607627e+01   1.3000195e+01
   6.5699000e+04   5.1589301e+01  -5.9253483e-02
   7.3005000e+04   6.0335870e+01   5.3050048e+00
   2.4283000e+04   4.5655875e+01   2.5610247e+01
   7.4435000e+04   1.7995758e+01  -6.6622283e+01
   6.3000000e+03   3.7722579e+01  -1.2216130e+02
   1.8500000e+03   3.8993400e+01  -9.4593318e+01
   5.0720000e+03   4.1807817e+01  -7.2824551e+01
   8.3383000e+04   3.0337806e+01  -9.7716302e+01
   6.9850000e+04   4.5306026e+01  -1.2236745e+02
   1.4168000e+04   4.3567926e+01  -1.1622075e+02
   4.2115000e+04  -3.7670797e+01   1.4485366e+02
   8.0819000e+04   3.3679113e+01  -1.1786127e+02
   5.8496000e+04   5.9323334e+01   1.8397363e+01
   7.5034000e+04   3.3380948e+01  -1.1184046e+02
   6.8296000e+04   3.0394792e+01  -9.7752496e+01
   8.1917000e+04   3.7784313e+01  -1.2240456e+02
   7.5438000e+04   2.8373712e+01  -8.1550889e+01
   1.8646000e+04   4.8997225e+01   9.1367669e+00
   5.1279000e+04   4.1677143e+01  -9.3627945e+01
   6.5614000e+04   4.0248234e+01  -1.1162101e+02
   6.5078000e+04   3.7751316e+01  -1.2243190e+02
   3.4822000e+04   3.0035587e+00   1.0162149e+02
   7.0577000e+04   3.0258076e+01  -9.7806730e+01
   3.4335000e+04  -8.5062483e+00   1.1526135e+02
   8.3990000e+03   4.1254536e+01  -9.5936770e+01
   7.1681000e+04   3.5220126e+01  -8.0943950e+01
   4.3846000e+04   4.4632304e+01  -6.3582323e+01
   1.6790000e+03   3.4196415e+01  -1.1834984e+02
   7.8280000e+03   3.6038689e+01  -1.1499309e+02
   7.6802000e+04   3.7785818e+01  -1.2239971e+02
   8.2014000e+04   3.3470700e+01  -8.6771417e+01
   3.7640000e+04   5.5708264e+01   1.3195737e+01
   7.0134000e+04   3.2868251e+01  -9.6773481e+01
   4.1219000e+04   5.9345253e+01   1.8075417e+01
   4.9805000e+04   3.2686829e+01  -9.5484187e+01
   8.2203000e+04   3.9964170e+01  -7.5140551e+01
   4.7354000e+04   4.2649175e+01  -7.1134629e+01
   3.0370000e+03   1.8804093e+01   9.8950666e+01
   6.6738000e+04   5.1353599e+01   5.4268920e+00
   7.9947000e+04   3.6103745e+01  -1.1517300e+02
   3.7083000e+04   5.9334355e+01   1.8032480e+01
   8.2803000e+04   3.3524562e+01  -1.1768610e+02
   3.7721000e+04   5.3742594e+01   9.7089712e+00
   4.8346000e+04   3.5997222e+01  -7.8899851e+01
   5.8788000e+04   2.8619467e+01  -8.1388223e+01
   4.1602000e+04   4.8728588e+01   2.3674070e+00
   6.4892000e+04   3.0269555e+01  -9.7742207e+01
   6.5205000e+04   3.7855381e+01  -1.2225946e+02
   6.2370000e+04   3.0263942e+01  -9.7739396e+01
   6.4657000e+04   3.6166561e+01  -1.1514441e+02
   3.3817000e+04   5.4651171e+01  -1.6789018e+00
   3.6299000e+04   6.3184861e+01   1.4615555e+01
   5.7013000e+04   4.2347640e+01  -7.1076088e+01
   6.7150000e+03   4.7684622e+01  -1.1739107e+02
   6.8050000e+03   3.8655245e+01  -1.2152576e+02
   6.6531000e+04   4.1716231e+01  -7.2762108e+01
   3.6966000e+04   4.0393392e+01  -8.6852781e+01
   8.2573000e+04   3.2780437e+01  -9.6757636e+01
   1.8180000e+03   3.9403905e+01  -7.6598291e+01
   1.1349000e+04   3.3775755e+01  -1.1807640e+02
   3.9179000e+04   5.9307269e+01   1.8026537e+01
   5.1950000e+03   3.6065879e+01  -1.1517489e+02
   5.8477000e+04   3.9044037e+01  -9.4618896e+01
   5.9775000e+04   4.0726702e+01  -7.3990417e+01
   2.1145000e+04   4.0799419e+01  -7.3922238e+01
   3.9300000e+04   5.0851030e+01   4.4017899e+00
   7.8383000e+04   5.0819432e+01  -1.1725545e-01
   3.3883000e+04   5.9415959e+01   1.7921931e+01
   8.3948000e+04   4.0788061e+01  -7.6506165e+01
   5.9397000e+04   5.2285651e+01   9.8199534e+00
   5.8167000e+04   6.0638946e+01   1.6998414e+01
   1.8539000e+04   3.7868220e+01  -1.2226785e+02
   4.5660000e+03   1.9683364e+01  -1.5508224e+02
   8.0517000e+04   3.9957090e+01  -8.2946584e+01
   1.8443000e+04   5.3427998e+01  -6.2397194e+00
   8.5770000e+03   3.5307700e+01  -1.0183540e+02
   2.2430000e+04   3.0266703e+01  -9.7747333e+01
   4.4500000e+02   3.0208541e+01  -9.7972532e+01
   3.2341000e+04   4.0406944e+01  -3.6095644e+00
   8.2929000e+04   4.1354332e+01  -8.9125986e+01
   1.7439000e+04   5.8389882e+01   1.5095387e+01
   6.0078000e+04   4.1551817e+01  -7.2744796e+01
   1.9751000e+04   4.1952602e+01  -8.7647619e+01
   6.2767000e+04   3.4512733e+01  -9.3053986e+01
   4.9796000e+04   4.0758713e+01  -7.3978575e+01
   2.1511000e+04   3.4240604e+01  -1.1852644e+02
   7.6303000e+04   3.0459480e+01  -8.4298684e+01
   6.3493000e+04   4.1393023e+01   2.1660500e+00
   7.1625000e+04   4.0643885e+01  -7.3782806e+01
   5.4824000e+04   5.7687594e+01   1.1976217e+01
   3.7726000e+04   5.7708871e+01   1.1966526e+01
   4.8016000e+04   3.6104093e+01  -9.5940042e+01
   3.5619000e+04   2.1282956e+01  -1.5783710e+02
   3.0203000e+04   6.0621335e+01   6.4221916e+00
   5.8023000e+04   3.9054261e+01  -9.4588426e+01
   8.3749000e+04   3.2836688e+01  -9.7183342e+01
   2.1839000e+04   2.1386310e+01  -1.5800725e+02
   4.3844000e+04   5.9332752e+01   1.7937219e+01
   2.7570000e+04   5.2975879e+01  -2.1320231e+00
   6.0558000e+04   5.5608148e+01   1.3009980e+01
   6.5329000e+04   3.7761496e+01  -1.2241925e+02
   4.5653000e+04   5.9428021e+01   1.7950941e+01
   6.1793000e+04   4.0747229e+01  -1.1218809e+02
   7.7316000e+04   3.7425228e+01  -1.2214588e+02
   1.3200000e+03   5.0020791e+00   1.1495074e+02
   6.6834000e+04   3.8220508e+01  -8.5626086e+01
   4.9370000e+04   3.2782136e+01  -9.6772526e+01
   5.2727000e+04   5.9271040e+01   1.5206698e+01
   6.5934000e+04   3.5405874e+01  -9.7565053e+01
   5.0349000e+04   5.2036699e+01   8.4931453e+00
   1.7288000e+04   4.6954664e+01   7.4729390e+00
   7.1936000e+04   3.7797894e+01  -1.2225601e+02
   1.9040000e+03   3.9113447e+01  -9.0310825e+01
   1.3274000e+04   4.7609380e+01  -1.2200816e+02
   1.4509000e+04   5.6050739e+01   1.2699512e+01
   2.2085000e+04   4.9484836e+01   1.0210676e+01
   1.8767000e+04   4.8862742e+01   2.2764818e+00
   4.9926000e+04   3.3641276e+01  -8.4444058e+01
   5.2043000e+04   5.9930346e+01   1.0714502e+01
   7.7816000e+04   5.3635529e+01  -2.1668795e+00
   8.2478000e+04   5.7699595e+01   1.1953576e+01
   8.5173000e+04   5.0876351e+01   8.0188292e+00
   1.4598000e+04   3.3693315e+01  -1.1215041e+02
   4.3508000e+04   3.9410567e+01  -8.7328048e+01
   1.8485000e+04   2.5868040e+01   4.4214316e+01
   5.2798000e+04   4.2245770e+01  -7.2578130e+01
   7.0847000e+04   3.5875594e+01  -7.8791606e+01
   3.6626000e+04   4.5363635e+01  -7.5635140e+01
   6.2557000e+04   2.8420684e+01  -8.1582896e+01
   1.4196000e+04  -3.3914589e+01   1.5116650e+02
   9.3070000e+03  -7.7385120e+00   1.1038472e+02
   8.1053000e+04   2.8476442e+01  -8.1465045e+01
   6.0835000e+04   3.3051326e+01  -9.6829001e+01
   8.3808000e+04   3.0201557e+01  -9.7667127e+01
   6.2542000e+04   5.6041782e+01   1.4164754e+01
   5.0705000e+04   5.9326017e+01   1.8094741e+01
   3.2550000e+03   2.0879539e+01  -1.5668326e+02
   7.5976000e+04   4.0692227e+01  -7.3986254e+01
   7.9355000e+04   3.0217794e+01  -9.7690005e+01
   6.5764000e+04   2.1548808e+01   3.9151218e+01
   4.1926000e+04   1.3040285e+00   1.0383316e+02
   4.5573000e+04   4.0774578e+01  -7.3872006e+01
   7.0502000e+04   3.5078631e+01  -1.0666092e+02
   6.5185000e+04   3.0263150e+01  -9.7750661e+01
   3.0870000e+03   3.3860102e+01  -1.1792410e+02
   1.1239000e+04   1.3721264e+01   1.0055406e+02
   6.0120000e+04   5.7286298e+01  -2.3734707e+00
   7.2793000e+04   5.9271336e+01   1.8084097e+01
   6.6293000e+04   3.4090650e+01  -1.1838760e+02
   5.2700000e+02   3.0024106e+01  -9.5403640e+01
   5.7200000e+03   3.5656947e+01  -9.7493569e+01
   5.8775000e+04   2.8485846e+01  -8.1431286e+01
