   1.1641000e+04   3.7776935e+01  -1.2244312e+02
   4.5259000e+04   3.5841082e+01  -7.8680391e+01
   6.1705000e+04   5.8708770e+01   1.3819893e+01
   2.4870000e+03   3.9181645e+01  -8.4428942e+01
   8.4752000e+04   5.9329846e+01   1.8068294e+01
   8.3765000e+04   3.7906742e+01  -1.2206033e+02
   6.3579000e+04   4.0691247e+01  -7.4179516e+01
   4.3417000e+04   5.7720332e+01   1.2936913e+01
   4.6801000e+04   5.7646620e+01   1.4832627e+01
   4.6741000e+04   6.0389447e+01   5.3238952e+00
   3.7601000e+04   5.9497787e+01   1.7926726e+01
   2.6659000e+04   3.0271829e+01  -9.7753322e+01
   3.9744000e+04   5.6162184e+01   1.5590163e+01
   4.0687000e+04   3.9088497e+01  -9.4588939e+01
   7.4348000e+04   5.3756225e+01  -2.7071494e+00
   6.2088000e+04   5.2659016e+01   5.0647734e+00
   5.8393000e+04   1.8392341e+01  -6.5975003e+01
   7.1236000e+04   4.2045528e+01  -8.8036805e+01
   6.1449000e+04   3.2450827e+01  -9.3745972e+01
   1.2520000e+04   3.2754816e+01  -9.7330740e+01
   7.6955000e+04   4.1631387e+01  -8.7737750e+01
   5.6271000e+04  -2.3003298e+01  -4.3318474e+01
   5.1338000e+04   5.7694395e+01   1.2290879e+01
   1.8304000e+04   1.3468715e+00   1.0368081e+02
   6.9360000e+04   3.9898551e+01  -8.4221406e+01
   6.5090000e+04   3.0262802e+01  -9.7762152e+01
   3.1347000e+04   5.2404356e+01   1.3038368e+01
   2.5594000e+04   5.1733298e+01   4.2367815e+00
   7.8983000e+04   3.8600623e+01  -9.0447028e+01
   8.0487000e+04   2.1554486e+01   3.9167885e+01
   3.0300000e+03   3.4061094e+01  -1.1844459e+02
   6.5893000e+04   3.7780950e+01  -1.2239610e+02
   7.4120000e+04   5.1534640e+01  -1.3775524e-01
   8.3740000e+04   5.5593516e+01   1.3012598e+01
   2.8690000e+03   4.7645366e+01  -1.2233637e+02
   5.6712000e+04   5.1456319e+01   7.0134673e+00
   8.2422000e+04   3.9992152e+01   1.1644707e+02
   5.6375000e+04   3.5473130e+01  -9.7517116e+01
   7.1300000e+02   5.9334243e+01   1.8074357e+01
   6.0972000e+04   2.1538278e+01   3.9164248e+01
   3.4988000e+04   5.7708800e+01   1.1704631e+01
   8.5298000e+04   6.5191061e+01   1.8738238e+01
   3.7745000e+04   6.0391830e+01   5.3197753e+00
   4.8605000e+04   5.1489563e+01  -3.4956079e-01
   8.2154000e+04   2.9654046e+01  -9.5276699e+01
   6.8180000e+04   3.9270933e+01  -7.6797141e+01
   2.8621000e+04   2.1410078e+01   3.9866843e+01
   6.5244000e+04   3.0272108e+01  -9.7752957e+01
   7.1872000e+04   3.8366603e+01  -1.2196099e+02
   1.8364000e+04   3.9127040e+01  -1.2162896e+02
   5.7327000e+04   5.2533637e+01   1.3455264e+01
   8.2088000e+04   4.4956969e+01  -9.3274322e+01
   2.2262000e+04   5.9355279e+01   1.7945287e+01
   4.5089000e+04   3.5126003e+01  -1.2059653e+02
   6.7875000e+04   3.4788396e+01  -9.2213569e+01
   9.1440000e+03   3.7796917e+01  -1.2239887e+02
   6.0440000e+03   3.4053385e+01  -1.1837480e+02
   6.9772000e+04   4.8161651e+01   1.1586977e+01
   6.6835000e+04   4.7963514e+01   1.6217171e+01
   6.6114000e+04   5.9923635e+01   1.0751811e+01
   3.3280000e+04   5.7720354e+01   1.2004966e+01
   6.1024000e+04   3.9103796e+01  -8.4513343e+01
   6.0310000e+04   5.1097923e+01   3.7105985e+00
   2.2078000e+04   5.9851954e+01   1.7563072e+01
   7.4266000e+04   2.9532556e+01  -9.8522019e+01
   1.9898000e+04   2.5033476e+01   1.2156478e+02
   4.3719000e+04   5.0991311e+01   5.1894852e+00
   4.1916000e+04   5.7669668e+01   1.2578530e+01
   6.5649000e+04   4.7042940e+01  -1.2299066e+02
   1.9600000e+04   5.5608778e+01   1.3045104e+01
   3.1254000e+04   5.9379041e+01   1.6493595e+01
   5.6780000e+04   5.1465360e+01   6.6525102e+00
   1.6644000e+04   3.0270121e+01  -9.7736007e+01
   6.6308000e+04   4.0763861e+01  -7.3972932e+01
   6.6383000e+04   2.8463094e+01  -1.6305976e+01
   7.2292000e+04   3.2832286e+01  -9.6770278e+01
   5.0576000e+04   4.0765959e+01  -7.3976639e+01
   7.5705000e+04   4.3993844e+01  -7.1054009e+01
   1.2910000e+03   4.0429042e+01  -7.9964553e+01
   4.9844000e+04   2.5173378e+01   1.2143750e+02
   5.3805000e+04   5.1735023e+01   5.1373584e+00
   2.3714000e+04   5.6224908e+01   1.2674221e+01
   4.2054000e+04   5.0921255e+01  -1.4318449e+00
   6.5992000e+04  -2.7465719e+01   1.5299763e+02
   7.4752000e+04   4.1396138e+01  -8.1642164e+01
   9.7000000e+02   2.2315421e+01   1.1393582e+02
   8.7450000e+03   1.3812316e+01   1.0053435e+02
   6.7201000e+04   4.0715972e+01  -7.4010903e+01
   6.3362000e+04   5.2530016e+01   1.3402566e+01
   3.2934000e+04   3.5655819e+01   1.3973804e+02
   1.9196000e+04   3.2539586e+01  -9.4790771e+01
   5.4927000e+04   4.6279284e+01   6.1662775e+00
   6.2369000e+04   5.2366394e+01   4.8909670e+00
   8.3323000e+04   2.1290367e+01  -1.5784220e+02
   1.5493000e+04   3.0256917e+01   1.2015637e+02
   7.1925000e+04   3.2871134e+01  -9.6767919e+01
   1.6102000e+04   4.0008589e+01  -1.0527673e+02
   4.2584000e+04   3.8697431e+01  -9.0441616e+01
   5.3417000e+04   5.6283316e+01   1.3329835e+01
   3.9830000e+03  -2.7402889e+01   1.5300959e+02
   8.7450000e+03   3.7336622e+01  -1.2203620e+02
   2.6367000e+04   5.9238677e+01   1.7854514e+01
   3.9108000e+04   5.2653807e+01  -1.5317631e+00
   8.4431000e+04   3.5973057e+01  -8.3984470e+01
   6.3693000e+04   4.0351630e+01  -7.4660296e+01
   3.4713000e+04   5.1503812e+01  -1.0482341e-01
   5.6448000e+04   2.8370719e+01  -8.1546890e+01
   7.7343000e+04   2.7978390e+01  -8.2496091e+01
   4.2383000e+04   4.3668956e+01   1.5932061e+01
   7.1965000e+04   4.3644259e+01  -7.9559855e+01
   7.3956000e+04   3.0270734e+01  -9.7753703e+01
   1.5650000e+03   3.0309236e+01  -9.7940957e+01
   6.6401000e+04   5.6065230e+01   1.2709034e+01
   2.5052000e+04   1.3045046e+00   1.0383271e+02
   8.4584000e+04   3.2751270e+01  -9.7328997e+01
   1.2442000e+04   3.7318855e+01  -1.2203306e+02
   5.9592000e+04   5.2072154e+01   8.4130383e+00
   4.0542000e+04   5.1377087e+01   1.2427336e+01
   6.3542000e+04   4.0038415e+01  -7.6357787e+01
   2.7874000e+04   5.2378953e+01   1.3514900e+01
   6.7103000e+04   3.2756530e+01  -9.6823132e+01
   4.0649000e+04   5.3535321e+01   8.1345928e+00
   1.9906000e+04   3.3813949e+01  -1.1792469e+02
   4.4745000e+04   3.8855276e+01  -7.7050363e+01
   7.9769000e+04   5.3476688e+01  -2.2365272e+00
   5.8331000e+04   4.1980529e+01  -8.7909767e+01
   9.8720000e+03   3.8717150e+01  -7.5081557e+01
   4.4260000e+04   3.0278052e+01  -9.7771454e+01
   1.9690000e+03   3.7613832e+01  -1.2238840e+02
   5.8260000e+04   3.7978211e+01  -8.7572140e+01
   2.8433000e+04   5.0050410e+01   1.4440650e+01
   7.1289000e+04   3.7974811e+01  -1.2204229e+02
   1.0962000e+04   3.5893505e+01  -7.8509412e+01
   6.6002000e+04   5.7668231e+01   1.2296432e+01
   4.8407000e+04   6.5843075e+01   2.4131759e+01
   2.5662000e+04   5.9349137e+01   1.8074055e+01
   1.5710000e+03   4.7591100e+01  -1.2233291e+02
   5.5027000e+04   3.5225658e+01  -8.0842887e+01
   4.1014000e+04   5.6851327e+01   1.4634821e+01
   9.9910000e+03   3.8968785e+01  -9.5235018e+01
   2.2192000e+04   5.8879311e+01   5.7346890e+00
   7.3000000e+01  -3.7687865e+01   1.4458398e+02
   5.9373000e+04   3.0232042e+01  -9.2267852e+01
   3.8079000e+04   5.1491003e+01   6.8798447e+00
   8.3360000e+03   3.2250131e+01  -1.1084340e+02
   6.2645000e+04   3.2640024e+01  -9.6494662e+01
   4.4756000e+04   5.2246249e+01   8.0635893e+00
   8.1890000e+04   5.9281130e+01   1.8294158e+01
   7.7197000e+04  -3.3403950e+01  -7.0579943e+01
   8.5990000e+03   3.3708089e+01  -1.1778373e+02
   7.7296000e+04   3.2938566e+01  -9.6854446e+01
   5.6942000e+04   3.7417869e+01  -1.2202681e+02
   5.2903000e+04   5.9349542e+01   1.8044654e+01
   4.1841000e+04   5.7721905e+01   1.1954270e+01
   4.2824000e+04   4.1646589e+01  -8.3535061e+01
   3.5568000e+04   5.6049646e+01   1.4583427e+01
   4.0449000e+04   5.0142149e+01   8.5711603e+00
   3.7650000e+03   3.7417071e+01  -1.2202540e+02
   7.7200000e+04   3.3421853e+01  -1.1191212e+02
   6.0478000e+04   3.0251046e+01  -9.7749324e+01
   7.4428000e+04   4.7072723e+01   1.5416865e+01
   7.1799000e+04   5.9189036e+01   1.7808366e+01
   8.2081000e+04   5.4578346e+01  -1.2259747e+00
   7.7844000e+04   3.5198319e+01  -1.0665667e+02
   9.9230000e+03   3.7786749e+01  -1.2240608e+02
   7.2277000e+04   4.8132012e+01   1.7111635e+01
   3.6973000e+04   5.1531113e+01  -1.2500115e-01
   3.6088000e+04   5.5595710e+01   1.2757359e+01
   6.2147000e+04   5.0933456e+01   6.8752313e+00
   3.0630000e+03   3.7415760e+01  -1.2215255e+02
   8.5620000e+03   3.8637713e+01  -9.0241337e+01
   3.2080000e+04   5.1514558e+01  -8.0487728e-02
   6.7574000e+04   2.6195268e+01  -8.0255668e+01
   6.2774000e+04   6.0193511e+01   1.1098251e+01
   5.8208000e+04   2.6120460e+01  -8.0145614e+01
   7.4359000e+04   5.9553296e+01   1.8786388e+01
   5.3976000e+04   3.5749132e+01   1.3967971e+02
   4.4781000e+04   5.7781198e+01   1.2033094e+01
   2.1247000e+04   4.8386662e+01  -1.2265131e+02
   2.5740000e+03   2.8476764e+01  -8.1469771e+01
   6.0212000e+04   3.5910441e+01  -7.8782251e+01
   1.1859000e+04   3.4036519e+01  -1.1836519e+02
   7.2353000e+04   3.5406001e+01  -9.7479721e+01
   1.7855000e+04  -3.4831383e+01   1.3869111e+02
   2.7580000e+03   2.9471263e+01  -9.5082773e+01
   8.5635000e+04   3.8513445e+01  -7.7547375e+01
   6.8571000e+04   5.8139145e+01   8.0018145e+00
   5.1810000e+03   3.7415630e+01  -1.2189992e+02
   7.3838000e+04   3.7551905e+01  -1.2228983e+02
   7.7240000e+04   3.4062257e+01  -1.1837615e+02
   1.6485000e+04   2.9655582e+01  -9.5279110e+01
   7.9611000e+04   4.2776889e+01  -7.8641985e+01
   7.6600000e+02  -2.7552507e+01   1.5305443e+02
   4.2545000e+04   5.7187383e+01   1.2207473e+01
   4.2778000e+04   5.2525537e+01   1.3387342e+01
   9.6460000e+03   4.7675742e+01  -1.2232556e+02
   6.7250000e+04   3.7736117e+01  -1.2241018e+02
   3.9213000e+04   3.9363280e+01  -7.6521026e+01
   4.9957000e+04   5.2363042e+01   4.8786107e+00
   3.1433000e+04   5.2390190e+01   9.7488105e+00
   6.7206000e+04   4.1870947e+01  -7.1343686e+01
   3.5159000e+04   6.3909268e+01   1.9754421e+01
   1.9426000e+04   1.4558309e+01   1.2101926e+02
   2.1214000e+04   3.4068836e+01  -1.1837647e+02
   3.4850000e+03   3.9743428e+01  -1.0498038e+02
   4.0065000e+04   4.0491153e+01  -3.5914564e+00
   8.5932000e+04   4.0767475e+01  -7.3989856e+01
   1.6594000e+04   4.2372434e+01  -7.1121079e+01
   6.5640000e+04   3.6155860e+01  -1.1543658e+02
   4.4600000e+02   3.5847953e+01  -8.6437830e+01
   6.3466000e+04   3.2756685e+01  -9.7063314e+01
   3.6641000e+04   5.9268697e+01   1.5217529e+01
   1.2248000e+04   2.1603343e+01   3.9107745e+01
   7.2739000e+04   2.4690710e+01   4.6676563e+01
   3.5993000e+04   3.5661045e+01   1.3969959e+02
   4.4420000e+03   3.7690504e+01  -9.7328560e+01
   1.9420000e+04   5.1408371e+01   1.9370965e-02
   6.2264000e+04   4.1882952e+01  -8.7666032e+01
   6.8036000e+04   5.6056864e+01   1.2701635e+01
   7.2009000e+04   3.0494509e+01  -9.7797670e+01
   7.9626000e+04   2.8515716e+01  -8.1379359e+01
   7.8900000e+04   4.9616583e+01   6.1263598e+00
   1.3423000e+04   2.9526707e+01  -9.8472047e+01
   5.1850000e+04   3.2604517e+01  -8.5482052e+01
   7.8026000e+04   3.8556555e+01  -1.0692476e+02
   6.1548000e+04   3.9652562e+01  -1.0499967e+02
   5.9682000e+04   4.8694596e+01   6.1799028e+00
   8.4716000e+04   2.2308155e+01   1.1391758e+02
   3.4419000e+04   5.1518414e+01  -7.7285483e-02
   4.5754000e+04   4.1565683e+01  -8.7804126e+01
   1.4592000e+04   4.0030414e+01  -7.5226917e+01
   8.2456000e+04   4.7375200e+01   8.5254738e+00
   5.5296000e+04   2.1562590e+01   3.9169305e+01
   7.6498000e+04   3.7748734e+01  -1.2214549e+02
   5.8059000e+04   4.7044832e+01   9.4460964e+00
   6.6108000e+04   5.7780821e+01   1.4205854e+01
   6.4994000e+04   3.9097570e+01  -9.4583288e+01
   1.5817000e+04   4.5425805e+01  -7.5697673e+01
   7.3767000e+04   4.8859548e+01   1.6048096e+01
   4.7802000e+04   3.7571075e+01  -1.2226350e+02
   5.7987000e+04   3.9779413e+01  -8.6148776e+01
   6.3958000e+04   5.3524888e+01  -1.1344433e+02
   7.9734000e+04   4.2088845e+01  -8.7824180e+01
   2.1980000e+03   4.1071443e+01  -7.3523796e+01
   5.1326000e+04   3.0246903e+01  -9.7730799e+01
   6.1915000e+04   3.7771100e+01  -1.2241727e+02
   5.6210000e+03   5.9333058e+01   1.8072209e+01
   3.7930000e+03   1.9406950e+01  -9.9167844e+01
   6.8453000e+04   3.4004669e+01  -1.1839340e+02
   3.2769000e+04   5.5681204e+01   1.2590866e+01
   8.1875000e+04   3.8314382e+01  -8.5762988e+01
   5.6734000e+04   5.1454890e+01   6.9957983e+00
   7.6270000e+04   3.2857530e+01  -9.6754281e+01
   6.1603000e+04   3.2783152e+01  -9.6797436e+01
   1.7055000e+04   3.3685306e+01  -1.1781138e+02
   7.3810000e+03   4.0730820e+01  -7.3986070e+01
   7.2180000e+03   3.8563408e+01  -1.2149835e+02
   6.0066000e+04   3.9974410e+01  -8.2997620e+01
   5.2300000e+04   5.9334982e+01   1.8014439e+01
   6.2523000e+04   2.1574731e+01   3.9143214e+01
   5.4763000e+04   4.1398719e+01   2.1721172e+00
   1.6921000e+04   5.6903408e+01   1.2580483e+01
   2.9118000e+04   5.2173188e+01   2.0975653e+01
   5.4147000e+04   6.2382744e+01   1.7322033e+01
   7.5514000e+04   3.7785394e+01  -1.2240798e+02
   5.4668000e+04   3.2841855e+01  -9.7190843e+01
   6.1542000e+04   4.2362032e+01  -7.1018801e+01
   7.7429000e+04   4.1618024e+01  -8.7043185e+01
   7.0510000e+03   2.2372046e+01   1.1411242e+02
   6.9340000e+03   3.7905707e+01  -1.2206735e+02
   4.1100000e+03   3.9254015e+01  -7.6728548e+01
   6.1324000e+04   5.5696666e+01   1.3188770e+01
   5.3005000e+04   3.3216009e+01  -9.6637784e+01
   5.3320000e+04   1.2972429e+01   8.0219741e+01
   3.8300000e+04   2.5010597e+01   1.2150166e+02
   2.2803000e+04   4.8087718e+01  -1.2218855e+02
   7.0949000e+04   3.7557069e+01  -1.2227629e+02
   4.9389000e+04   5.9312778e+01   1.8073454e+01
   7.5578000e+04   3.0213786e+01  -9.7746271e+01
   5.4642000e+04   5.9941277e+01   1.0810847e+01
   3.5286000e+04   5.7775875e+01   1.4160358e+01
   7.2175000e+04   3.6140647e+01  -1.1516075e+02
   7.3597000e+04   5.7646050e+01   1.2120203e+01
   6.3926000e+04   3.3779056e+01  -8.4397098e+01
   8.2258000e+04   3.9161331e+01  -7.5513557e+01
   4.0735000e+04   4.2139541e+01  -8.8021463e+01
   1.1069000e+04   3.0266235e+01  -9.7745154e+01
   5.6495000e+04   3.0246862e+01  -9.7750962e+01
   7.9510000e+04   2.6781910e+01  -8.0034031e+01
   2.4240000e+04   5.5672430e+01   1.2565269e+01
   4.0093000e+04   4.9110264e+01   6.2028667e+00
   6.4186000e+04   5.9305056e+01   1.8073872e+01
   7.7070000e+03   3.8798919e+01  -7.7517651e+01
   4.0400000e+04   3.8951175e+01  -7.7408934e+01
   7.9881000e+04   3.9832195e+01  -8.9639339e+01
   5.4220000e+04   4.8767038e+01   9.1755474e+00
   7.6269000e+04   4.1815971e+01  -7.2861603e+01
   4.3319000e+04   5.2195434e+01  -2.2220782e+00
   6.1332000e+04   4.0571429e+01  -7.4144068e+01
   6.9879000e+04   2.9882852e+01  -9.7940175e+01
   8.2072000e+04   3.9359917e+01  -7.4428696e+01
   1.4948000e+04   3.4144604e+01  -1.1825507e+02
   5.0654000e+04   5.5684760e+01   1.2582282e+01
   3.4840000e+04  -6.1874994e+00   1.0683105e+02
   2.3028000e+04   5.9909599e+01   1.0747075e+01
   5.8231000e+04   4.9884232e+01  -9.7179584e+01
   5.3016000e+04   3.9572854e+01  -1.0500453e+02
   7.7848000e+04   3.2362224e+01  -9.4867178e+01
   7.0060000e+04   3.4017852e+01  -1.1850306e+02
   8.0629000e+04   3.7782035e+01  -1.2242097e+02
   6.7402000e+04   2.8541883e+01  -8.1379166e+01
   3.6573000e+04   5.5705414e+01   1.3186759e+01
   5.2028000e+04   4.2584860e+01  -7.1131676e+01
   7.8268000e+04   3.4088497e+01  -1.1830864e+02
   8.6167000e+04   3.4136087e+01  -1.1723124e+02
   1.9928000e+04   4.5111832e+01  -9.3335599e+01
   1.7782000e+04   3.7743130e+01  -1.2242203e+02
   6.2217000e+04   4.7392844e+01   8.5295320e+00
   2.1118000e+04  -3.7879884e+01   1.4468093e+02
   1.0840000e+03   3.4824689e+01  -8.2296020e+01
   4.1086000e+04   4.9471009e+01   8.4809727e+00
   1.4692000e+04   1.8446413e+01  -6.6068848e+01
   9.5030000e+03   5.3518765e+01  -1.1348583e+02
   3.4168000e+04   5.9337970e+01   1.8059326e+01
   1.6840000e+04   4.0777818e+01  -7.3956357e+01
   5.1307000e+04   4.6739092e+01  -1.1717167e+02
   6.8133000e+04   3.6274348e+01  -8.7060542e+01
   7.2869000e+04   3.1106331e+01  -9.7747380e+01
   3.0366000e+04   1.3782526e+01   1.0054535e+02
   6.2550000e+04   3.7584765e+01  -7.7497420e+01
   1.0808000e+04   3.6099100e+01  -1.1517511e+02
   2.7280000e+03   3.5610560e+01  -9.7563197e+01
   3.6677000e+04   4.1768150e+01   1.2222195e+01
   6.7993000e+04   5.0100432e+01   1.4463286e+01
   6.6567000e+04   4.7060669e+01   1.5427086e+01
   8.6110000e+03   3.6970725e+01  -1.2202552e+02
   3.9234000e+04   5.2868130e+01   5.7483896e+00
   1.0990000e+03   4.4052115e+01  -7.1127248e+01
   3.2711000e+04  -2.6075174e+01   2.8061354e+01
   2.2912000e+04   5.9351256e+01   1.8201714e+01
   5.2663000e+04   5.9916667e+01   1.0752580e+01
   2.6300000e+03   3.8056079e+01  -1.2253101e+02
   3.9495000e+04   5.9064072e+01   5.9283847e+00
   3.5609000e+04   5.2079598e+01   4.3134427e+00
   3.3222000e+04   6.0772572e+01   1.0700879e+01
   5.1980000e+03   4.0142579e+01  -8.2979405e+01
   7.9475000e+04   5.0878479e+01   7.1211576e+00
   5.6196000e+04   5.6663438e+01   1.2876245e+01
   5.0242000e+04   3.8656081e+01  -9.0306832e+01
   7.2711000e+04   4.2725485e+01  -8.7950668e+01
   4.1223000e+04   3.0480680e+01  -8.4295912e+01
   5.1900000e+02   3.7325680e+01  -1.2194310e+02
   5.7685000e+04   5.5565218e+01   1.2976098e+01
   3.0955000e+04   1.3732340e+01   1.0053097e+02
   7.3771000e+04   3.6025796e+01  -1.1508626e+02
   8.4375000e+04   3.8617450e+01  -9.0266294e+01
   6.5357000e+04   5.2194409e+01   1.3749502e-01
   7.7182000e+04   3.5837679e+01  -7.8642340e+01
   2.3112000e+04   5.1218134e+01   4.4163752e+00
   6.4023000e+04   5.5932490e+01  -4.6744784e+00
   2.7250000e+03   3.7164946e+01  -9.3295019e+01
   5.6407000e+04   4.2636451e+01  -7.1909878e+01
   4.8148000e+04   3.2867287e+01  -9.7210797e+01
   4.5509000e+04   5.9272539e+01   1.5217877e+01
   6.7754000e+04   4.0152760e+01  -1.0511099e+02
   4.5454000e+04   2.8082824e+01  -8.2409406e+01
   4.4682000e+04   6.0462715e+01   1.7415759e+01
   4.6119000e+04   5.0943449e+01   6.9581652e+00
   1.7878000e+04   4.5752555e+01  -1.0856488e+02
   8.2176000e+04   3.0315395e+01  -9.7734026e+01
   1.1824000e+04   3.7774006e+01  -1.2241761e+02
   6.1285000e+04   3.2929939e+01  -9.6820390e+01
   2.0770000e+04   3.7947446e+01  -1.2253648e+02
   6.0100000e+04   3.2078414e+01  -8.1088908e+01
   7.7670000e+04   3.7892416e+01  -1.2211338e+02
   5.7892000e+04   4.8860496e+01   2.2913866e+00
   9.0360000e+03   4.0726552e+01  -7.4033246e+01
   4.6583000e+04   3.0440143e+01  -9.7701373e+01
   8.2128000e+04   3.4826909e+01  -9.2233830e+01
   6.3134000e+04   4.5535333e+01  -1.2265068e+02
   4.9270000e+04   3.3131963e+01  -9.6822231e+01
   5.8386000e+04   5.9305489e+01   1.8128986e+01
   8.5419000e+04   4.4936109e+01  -9.3399404e+01
   1.0713000e+04   3.5638014e+01  -9.7481873e+01
   8.2989000e+04   4.2366328e+01  -7.1105091e+01
   6.9815000e+04   3.8623764e+01  -9.0197150e+01
   5.9239000e+04   3.0271809e+01  -9.7753322e+01
   3.7069000e+04   5.2088047e+01   6.1559076e+00
   1.1005000e+04   3.4020818e+01  -1.1827638e+02
   2.0383000e+04   2.5117864e+01   1.2152466e+02
   5.9917000e+04  -2.5282265e+01  -5.7636219e+01
   8.7800000e+02   3.5559273e+01  -9.7639842e+01
   6.7966000e+04   5.9335794e+01   1.8073668e+01
   4.0264000e+04   4.7045717e+01   8.3088720e+00
   4.7196000e+04   1.9008229e+01   7.2831010e+01
   3.4300000e+02   3.6113169e+01  -1.1511757e+02
   4.6969000e+04   5.9333118e+01   1.8076286e+01
   3.4137000e+04   5.1076358e+01   1.1735088e+00
   4.6271000e+04   3.0267055e+01  -9.7757785e+01
   6.7697000e+04   3.7764934e+01  -1.2243184e+02
   8.2685000e+04   1.7753024e+01  -6.4679121e+01
   6.1996000e+04   3.0336868e+01  -9.7757957e+01
   7.4020000e+03   4.5487481e+01  -7.3587224e+01
   4.5630000e+04   3.3977501e+01  -8.1019798e+01
   7.8710000e+03   3.2752660e+01  -9.7795659e+01
   7.2360000e+03   3.0224215e+01  -9.7692586e+01
   4.1000000e+03   3.2827406e+01  -9.7203019e+01
   2.2448000e+04   4.7661640e+01  -1.2233613e+02
   2.6753000e+04   6.1497188e+01   2.3757935e+01
   6.3574000e+04   3.3802707e+01  -1.1805728e+02
   3.7569000e+04   6.2933419e+01   1.7783689e+01
   8.5426000e+04   2.1590973e+01  -1.5810283e+02
   3.9612000e+04   5.9791801e+01   1.0443779e+01
   4.2248000e+04   2.9987017e+01  -9.5275771e+01
   6.3250000e+04   5.2258222e+01   4.6895335e+00
   4.0224000e+04   5.3218510e+01   6.5659978e+00
   2.3730000e+04   5.9416119e+01   1.8039823e+01
   4.7668000e+04   3.2296187e+01  -9.5263646e+01
   7.2198000e+04   4.1898133e+01  -8.7624582e+01
   4.9376000e+04   3.0322165e+01  -9.7715213e+01
   1.6869000e+04   2.9753894e+01  -9.5364740e+01
   5.3360000e+03   3.0249364e+01  -9.7749470e+01
   1.6081000e+04   3.4196114e+01  -1.1835391e+02
   7.1399000e+04   5.0018714e+01  -1.1070542e+02
   6.6581000e+04   3.7329577e+01  -1.2196246e+02
   5.3738000e+04   4.6133196e+01  -9.5922485e+01
   7.1257000e+04   3.5219888e+01  -8.0944849e+01
   2.0282000e+04   5.7561950e+01   1.1963552e+01
   2.0700000e+04   3.4109123e+01  -1.1828786e+02
   8.4777000e+04   3.2850357e+01  -9.6818142e+01
   8.0596000e+04   3.8907915e+01  -7.7024096e+01
   6.5454000e+04   2.8599005e+01  -8.1300196e+01
   5.8234000e+04   3.0305800e+01  -9.7742920e+01
   1.6274000e+04   2.9952050e+01  -9.0071293e+01
   4.5613000e+04   4.4467126e+01   2.6077828e+01
   7.8420000e+04   3.9760676e+01  -7.6724177e+01
   7.2545000e+04   3.6126897e+01  -1.1517140e+02
   2.2978000e+04   4.7450174e+01   8.5625430e+00
   9.9710000e+03   3.6083495e+01  -8.6917967e+01
   5.1416000e+04   3.0267910e+01  -9.7749312e+01
   4.9670000e+04   3.2793442e+01  -9.6784615e+01
   6.9797000e+04   4.2376403e+01  -7.1116734e+01
   6.0212000e+04   3.6147571e+01  -9.5996094e+01
   3.9480000e+03   3.5999263e+01  -1.1510642e+02
   4.9816000e+04   3.9056092e+01  -7.7123036e+01
   2.8600000e+04   5.5605902e+01   1.3003095e+01
   6.3997000e+04   3.9853735e+01  -1.0467381e+02
   6.6941000e+04   4.6841605e+01   7.5688291e+00
   6.5590000e+04   3.0320026e+01  -8.1464452e+01
   4.3000000e+02   4.0643885e+01  -7.3782806e+01
   2.0961000e+04   5.2150187e+01   6.7110101e+00
   5.5878000e+04   3.5063848e+01  -8.5309557e+01
   8.4117000e+04   4.1718852e+01  -8.8315891e+01
   6.5597000e+04   3.4107003e+01  -1.1753935e+02
   6.4775000e+04   3.3943538e+01  -1.1840717e+02
   5.6793000e+04   5.7700292e+01   1.1904159e+01
   8.5355000e+04   3.2934705e+01  -9.6863497e+01
   8.0435000e+04   4.7651246e+01  -1.2235068e+02
   8.2609000e+04   3.4098243e+01  -1.1831074e+02
   5.2704000e+04   4.0117195e+01  -8.3092867e+01
   4.6421000e+04   5.3571902e+01   9.9589795e+00
   2.5427000e+04   5.2440942e+01   5.7676232e+00
   2.2969000e+04   5.2309469e+01   4.7622192e+00
   7.6016000e+04   3.8880869e+01  -7.6995181e+01
   7.8001000e+04   5.6939255e+01   1.2491146e+01
   3.4887000e+04   5.2374677e+01   4.6440484e+00
   5.4567000e+04   3.7790419e+01  -1.2243215e+02
   6.3267000e+04   4.3040926e+01  -8.7914492e+01
   3.6000000e+02   3.8635446e+01  -9.0346213e+01
   4.4308000e+04   5.9918342e+01   1.0734514e+01
   2.9436000e+04   5.3258718e+01   8.1156440e+00
   4.9976000e+04   3.2731237e+01  -9.7791943e+01
   7.8615000e+04   3.3082752e+01  -8.3233958e+01
   6.6259000e+04   3.6168522e+01  -8.6772718e+01
   1.1141000e+04   3.9971603e+01  -8.3004023e+01
   8.4387000e+04   3.2035501e+01  -1.0212042e+02
   4.2476000e+04   3.5413572e+01  -8.0857125e+01
   2.4765000e+04   5.9848701e+01   1.7560004e+01
   5.1762000e+04   3.2922807e+01  -9.6775823e+01
   6.5310000e+03   3.0284425e+01  -9.7719204e+01
   7.7366000e+04   3.7294389e+01  -1.2194076e+02
   6.6572000e+04   3.5361903e+01  -9.7546441e+01
   6.8000000e+03   3.5941908e+01  -7.8541439e+01
   6.7790000e+03   3.5789449e+01  -7.8659092e+01
   1.3099000e+04   3.7444089e+01  -1.2216053e+02
   5.8776000e+04   3.4693900e+01   1.3546060e+02
   8.3437000e+04   3.7061420e+01  -9.3299487e+01
   5.3608000e+04   5.3477641e+01  -2.2332609e+00
   7.8560000e+04   2.9342098e+01   4.8065109e+01
   4.9538000e+04   1.8409156e+01  -6.6030428e+01
   4.6660000e+03   4.0056799e+01  -7.4141260e+01
   7.9814000e+04   2.9464374e+01  -9.8690976e+01
   6.2633000e+04   4.3252254e+01  -7.9059075e+01
   1.6260000e+04   3.4156799e+01  -1.1848680e+02
   6.1208000e+04   5.9309010e+01   1.8185989e+01
   2.8550000e+04   4.8203612e+01   1.6433844e+01
   4.2515000e+04   5.9334235e+01   1.8072950e+01
   7.1381000e+04   5.7747683e+01   1.1964770e+01
   7.6242000e+04   3.1106331e+01  -9.7747380e+01
   6.2044000e+04   3.6059076e+01  -7.9864794e+01
   5.9429000e+04   5.9334998e+01   1.8073964e+01
   5.7421000e+04   3.8297321e+01  -8.5552556e+01
   8.4356000e+04   4.0881861e+01  -8.1425030e+01
   1.8950000e+03   4.0732369e+01  -7.4001745e+01
   4.0675000e+04   5.1503667e+01  -1.9032000e-02
   6.6983000e+04   3.4025031e+01  -1.1827864e+02
   3.5604000e+04   5.0904263e+01   6.9644415e+00
   6.4785000e+04   4.8101212e+01   1.1644843e+01
   8.3306000e+04   3.6062679e+01  -9.6049137e+01
   4.0450000e+04   5.1345290e+01   1.2381377e+01
   8.0235000e+04   5.5878988e+01   1.2857190e+01
   5.5318000e+04   3.2074370e+01  -8.1091699e+01
   5.5976000e+04   5.1425116e+01   7.2671127e+00
   2.4702000e+04   5.9303312e+01   1.7942792e+01
   6.0141000e+04   4.5723731e+01  -7.3611681e+01
   7.2412000e+04   3.4074871e+01  -1.1837865e+02
   2.9971000e+04   5.9288360e+01   1.8077279e+01
   8.5380000e+04   2.1591577e+01  -1.5810285e+02
   3.6273000e+04   1.3749993e+01   1.0053955e+02
   6.6208000e+04   3.4280002e+01  -1.1886552e+02
   7.1773000e+04   3.4979183e+01  -1.0191179e+02
   3.7459000e+04   5.5606887e+01   1.3025558e+01
   7.4267000e+04   4.2300865e+01  -7.1382937e+01
   7.8110000e+04   3.4106908e+01  -1.1759252e+02
   1.6492000e+04   3.5615350e+01  -9.7575255e+01
   1.6701000e+04   3.3760560e+01  -1.1789095e+02
   8.3250000e+04   4.0730272e+01  -7.3986138e+01
   5.8716000e+04   5.9314146e+01   1.8064409e+01
   7.5559000e+04   3.8907669e+01  -7.7053422e+01
   6.2546000e+04   5.2367903e+01   9.7419012e+00
   7.8047000e+04   2.8552506e+01  -8.1364697e+01
   6.1282000e+04   5.5607590e+01   1.2999798e+01
   4.3144000e+04   4.6227435e+01   7.3592627e+00
   7.7500000e+04   3.6045123e+01  -1.1524414e+02
   6.0842000e+04   5.9328488e+01   1.8024606e+01
   7.8980000e+04   4.0726348e+01  -7.3981826e+01
   8.4371000e+04   3.4072849e+01  -9.6385201e+01
   4.5888000e+04   1.3816922e+01   1.0056096e+02
   2.6519000e+04   5.9264263e+01   1.8043338e+01
   5.1185000e+04   3.0338939e+01  -9.7718533e+01
   5.6780000e+04   5.1485986e+01   1.1942933e+01
   8.6393000e+04   4.0018910e+01  -1.0527535e+02
   3.1529000e+04   3.7332079e+01  -1.2188485e+02
   7.6308000e+04   2.6842144e+01  -8.0091613e+01
   5.1077000e+04   5.1496105e+01  -1.7183443e-01
   6.3264000e+04   3.7270858e+01  -7.6706781e+01
   8.1390000e+04   2.8807186e+01  -8.1672244e+01
   2.8459000e+04   5.1004709e+01   3.4809172e+00
   5.0889000e+04   5.0135242e+01   1.4424405e+01
   3.6404000e+04   6.1731161e+01   6.5071173e+00
   6.1379000e+04   4.4912223e+01  -9.3331420e+01
   4.0662000e+04   5.9865918e+01   1.0806935e+01
   6.4590000e+04   3.0284425e+01  -9.7719204e+01
   2.2020000e+03   3.6097778e+01  -8.0251009e+01
   7.4857000e+04   3.3718213e+01  -1.1797121e+02
   4.2040000e+03   3.3105774e+01  -9.6818465e+01
   5.8298000e+04   5.2346638e+01   4.9174068e+00
   7.5824000e+04   4.7800410e+01   1.3039487e+01
   6.2858000e+04   3.7207286e+01  -9.3292851e+01
   6.1238000e+04   5.6131269e+01   1.3129026e+01
   3.0549000e+04   5.6171815e+01   1.0188274e+01
   4.8659000e+04   5.9374903e+01   1.8176502e+01
   2.4199000e+04   4.8934225e+01   9.2569586e+00
   6.5716000e+04   3.7793347e+01  -1.2227458e+02
   5.6465000e+04   5.7654153e+01   1.2020941e+01
   4.3464000e+04   5.1463542e+01  -1.6845742e-01
   6.7480000e+03   4.3655046e+01  -7.9467787e+01
   7.8550000e+03   3.0274561e+01  -9.7720116e+01
   4.4000000e+04   3.5220126e+01  -8.0943950e+01
   5.5940000e+04   5.0775304e+01   1.5028293e+01
   7.1209000e+04   6.0167854e+01   2.4947266e+01
   4.6871000e+04   5.5702306e+01   1.2568078e+01
   6.0093000e+04   4.5624618e+01  -7.3851836e+01
   4.2624000e+04   1.3756106e+01   1.0062895e+02
   7.6376000e+04   3.2893756e+01  -1.1720365e+02
   5.0035000e+04   3.0602342e+01  -8.7124915e+01
   6.8338000e+04   6.2400917e+01   1.7340146e+01
   6.9045000e+04   3.7526877e+01  -1.2226770e+02
   4.2667000e+04   5.1502038e+01  -9.2557669e-02
   1.9842000e+04   3.7767172e+01  -1.2242906e+02
   2.0516000e+04   2.2876196e+01   1.2122623e+02
   6.2651000e+04   5.7885658e+01   1.1585532e+01
   2.7206000e+04   3.7778249e+01  -1.2246803e+02
   3.7341000e+04   5.9339673e+01   1.8078754e+01
   3.9003000e+04   5.5585708e+01   1.3006286e+01
   3.7249000e+04  -3.3768684e+01   1.5090770e+02
   6.0156000e+04   3.7786479e+01  -1.2240356e+02
   5.5411000e+04   3.2706386e+01  -1.1716159e+02
   8.0701000e+04   3.5536553e+01  -9.7531329e+01
   7.0600000e+04   3.4677637e+01  -8.2835784e+01
   8.5450000e+04   3.5470047e+01  -9.7573618e+01
   8.4838000e+04   4.1787441e+01  -8.7744884e+01
   3.5355000e+04   5.7160601e+01   1.4588858e+01
   4.2097000e+04   5.5644918e+01   1.3232734e+01
   5.4651000e+04   3.0263608e+01  -9.7739568e+01
   6.3785000e+04   5.9818827e+01   1.7739025e+01
   8.4823000e+04   4.3053076e+01  -8.7893345e+01
   7.5461000e+04   4.0974188e+01  -7.4131054e+01
   3.2681000e+04   5.5596888e+01   1.3009580e+01
   4.9655000e+04   3.2800087e+01  -9.6802636e+01
   3.2882000e+04   5.7694346e+01   1.1919888e+01
   4.0180000e+03   5.2113961e+01  -1.0662890e+02
   6.7316000e+04   5.5699942e+01   1.3190608e+01
   6.7935000e+04   3.0269576e+01  -9.7749513e+01
   1.7743000e+04   3.0267166e+01  -9.7746305e+01
   8.4974000e+04   4.4476692e+01  -7.3212367e+01
   1.5881000e+04   3.7397557e+01  -1.2209290e+02
   4.5744000e+04   5.8354101e+01   1.1810413e+01
   5.2539000e+04   3.0165137e+01  -9.7446971e+01
   2.8087000e+04   3.4083867e+01  -1.1834416e+02
   3.1511000e+04   5.2236466e+01   5.1740859e+00
   6.0027000e+04   5.9314725e+01   1.8077026e+01
   3.2529000e+04   5.6043763e+01   1.2710159e+01
   5.8865000e+04   2.5790124e+01  -8.0134234e+01
   6.5695000e+04   3.2722070e+01  -9.7356827e+01
   5.7185000e+04   3.3070552e+01  -1.1706586e+02
   4.5250000e+03   3.7491654e+01  -1.2192997e+02
   7.2201000e+04   3.7330422e+01  -1.2188840e+02
   8.2787000e+04   3.0194193e+01  -9.7924027e+01
   8.5210000e+04   4.1982002e+01  -8.7885738e+01
   2.1927000e+04   5.1456025e+01   7.0079292e+00
   3.6472000e+04   5.0496313e+01   1.2171307e+01
   5.2877000e+04   3.2881452e+01  -9.6849568e+01
   5.6150000e+04   2.1665820e+01   3.9110064e+01
   3.8219000e+04   5.1324805e+01   3.3007225e+00
   2.1363000e+04   3.7553963e+01   1.2697292e+02
   1.5789000e+04   3.7787395e+01  -1.2240739e+02
   6.7245000e+04   4.7650730e+01  -1.2235468e+02
   4.4587000e+04   5.0155880e+01  -5.0703242e+00
   1.7550000e+04   3.7790544e+01  -1.2240400e+02
   9.7300000e+02   5.9314792e+01   1.8044744e+01
   5.2016000e+04   3.8941745e+01  -9.4604334e+01
   7.8343000e+04   5.4352639e+01   1.8619797e+01
   2.0612000e+04   3.2717148e+01  -1.1716436e+02
   3.7367000e+04   5.9336456e+01   1.8059024e+01
   6.0574000e+04   4.3390454e+01  -1.6631157e+00
   4.3305000e+04   3.8934548e+01  -9.4638870e+01
   6.6815000e+04   5.7787268e+01   1.4232305e+01
   4.6056000e+04   5.1493163e+01   7.4053177e+00
   5.6238000e+04   5.2024838e+01   8.5304550e+00
   2.2019000e+04   4.9190444e+01   1.6594187e+01
   6.3889000e+04   5.9315541e+01   1.8082342e+01
   4.2927000e+04   5.5608148e+01   1.3009980e+01
   6.5648000e+04   4.7614708e+01  -1.2234031e+02
   7.5588000e+04   4.3165360e+01  -8.0273391e+01
   5.4477000e+04   3.0262388e+01  -9.7761583e+01
   3.2773000e+04   5.5395496e+01   1.0387091e+01
   4.4672000e+04   5.0063692e+01   1.9940204e+01
   1.9764000e+04   2.1384382e+01  -1.5793862e+02
   1.5871000e+04   5.0943268e+01   6.9603345e+00
   6.1184000e+04   5.7740960e+01   1.2101923e+01
   1.2130000e+03   3.9848802e+01  -1.0467411e+02
   7.0381000e+04   1.8309501e+01  -6.5787388e+01
   8.0045000e+04   5.1482063e+01  -4.3074625e-01
   5.2033000e+04   6.3842160e+01   2.0653648e+01
   6.0517000e+04   3.0633777e+01  -9.6321647e+01
   6.1308000e+04   4.0090428e+01  -7.4036257e+01
   5.8989000e+04   4.3657817e+01  -7.9443249e+01
   6.5025000e+04   5.6074588e+01   1.4467298e+01
   6.2617000e+04   3.6046694e+01  -9.5905111e+01
   6.0769000e+04   5.9298303e+01   1.8211051e+01
   1.1116000e+04   3.4183666e+01  -1.1891773e+02
   5.9302000e+04   5.9921902e+01   1.0759285e+01
   4.0710000e+03   4.1881073e+01  -8.7629120e+01
   8.5180000e+04   3.7855440e+01  -1.2247865e+02
   6.2167000e+04   3.5426284e+01  -8.0612572e+01
   7.8421000e+04   2.1301840e+01  -1.5784489e+02
   7.5062000e+04   3.0277819e+01  -9.7736150e+01
   5.7675000e+04   5.7695495e+01   1.1944682e+01
   7.7635000e+04   3.7789798e+01  -1.2239135e+02
   5.9334000e+04   5.9513722e+01   1.7925423e+01
   4.1165000e+04   5.7642277e+01   1.8305508e+01
   4.2274000e+04   5.9335873e+01   1.8049561e+01
   7.6582000e+04   3.2822863e+01  -9.6787818e+01
   6.5420000e+04   5.4608795e+01  -5.9261611e+00
   5.3369000e+04   3.3995883e+01  -1.1786427e+02
   4.4375000e+04   3.5450808e+01  -8.4479038e+01
   5.9931000e+04   3.0270669e+01  -9.7741638e+01
   3.2767000e+04   5.1037376e+01   3.6216388e+00
   4.6067000e+04   2.6666205e+01  -8.0090883e+01
   3.4148000e+04  -2.7419609e+01   1.5303082e+02
   7.2918000e+04   3.7832365e+01  -1.2247992e+02
   3.7735000e+04  -3.7767007e+01   1.4499015e+02
   6.9566000e+04   3.3215678e+01  -9.7134825e+01
   7.5200000e+03   4.5428359e+01  -1.2274760e+02
   7.5828000e+04   4.1556030e+01  -7.2670120e+01
   3.8823000e+04   5.1263896e+01   9.4200267e+00
   5.7209000e+04   5.9325545e+01   1.8075348e+01
   5.9310000e+04   3.3319870e+01  -1.1187577e+02
   8.0362000e+04   4.0705107e+01  -7.4177349e+01
   7.5983000e+04   3.0131301e+01  -9.8014101e+01
   7.8628000e+04   3.9713813e+01  -8.2603141e+01
   2.9292000e+04   5.0981675e+01   5.4915655e+00
   7.0975000e+04   4.1585849e+01  -9.3809878e+01
   2.4171000e+04   5.3435962e+01  -2.0821559e+00
   7.3541000e+04   5.5701581e+01   1.3188186e+01
   4.8727000e+04   4.8066566e+01  -1.2217718e+02
   7.7167000e+04   3.8033173e+01  -7.8496903e+01
   4.3111000e+04   3.0260093e+01  -9.7741550e+01
   6.9782000e+04   3.7786255e+01  -1.2240654e+02
   5.2884000e+04   5.8883334e+01   5.6472903e+00
   5.0310000e+03   3.2422691e+01  -9.3720520e+01
   5.3296000e+04   2.9560604e+01  -9.5274961e+01
   3.1390000e+03   2.9738247e+01  -9.5503910e+01
   8.5185000e+04   4.3146271e+01  -7.7602562e+01
   1.0001000e+04   4.1717998e+01  -8.3688700e+01
   4.9498000e+04   5.5703813e+01   1.3194749e+01
   4.6596000e+04   5.3999501e+01  -6.4058214e+00
   7.0390000e+04   3.3077149e+01  -9.6821640e+01
   9.2930000e+03   3.0444099e+01  -9.7787603e+01
   8.5416000e+04   5.1483767e+01   6.6150137e+00
   6.5548000e+04   3.3018242e+01  -9.6796221e+01
   3.2776000e+04   2.1273489e+01  -1.5782234e+02
   7.9059000e+04   3.7143550e+01  -9.3323477e+01
   2.0120000e+03   1.8422128e+01  -6.6074481e+01
   5.7097000e+04   5.9235388e+01   1.7983090e+01
   5.1704000e+04   3.7691268e+01  -1.2207595e+02
   4.3277000e+04   2.6182830e+01  -9.8239877e+01
   5.7152000e+04   5.2252397e+01   8.0476785e+00
   6.8655000e+04  -6.9191099e+00   1.0761532e+02
   4.9719000e+04   4.1501671e+01  -8.1687939e+01
   6.6061000e+04   4.6783767e+01  -7.1274308e+01
   7.4526000e+04   3.5452100e+01  -9.3758887e+01
   4.1706000e+04   5.1489007e+01   1.1969177e+01
   3.6413000e+04   5.3795882e+01   1.2171323e+01
   3.3308000e+04   5.8395215e+01   1.3860832e+01
   4.5400000e+02   3.1460469e+01  -9.6068246e+01
   7.2050000e+04   5.1487165e+01   7.1120951e+00
   3.1790000e+03   3.9145969e+01  -9.4546046e+01
   6.9653000e+04   4.0762729e+01  -7.3978893e+01
   4.2757000e+04   3.6077609e+01  -7.9275695e+01
   5.2763000e+04   2.1618295e+01   3.9138011e+01
   7.7005000e+04   3.2347695e+01  -9.7419856e+01
   2.4399000e+04   6.0193160e+01   1.1099292e+01
   7.4239000e+04   3.8035068e+01  -7.8484967e+01
   7.3108000e+04   2.5655404e+01  -8.0413731e+01
   6.9825000e+04   3.0251031e+01  -9.7754092e+01
   7.3601000e+04   3.0265805e+01  -9.7738004e+01
   8.4774000e+04   4.4086667e+01  -1.2306694e+02
   5.1762000e+04   5.2024838e+01   8.5304550e+00
   5.4602000e+04   2.9311732e+01   4.7977471e+01
   7.4698000e+04   3.4155785e+01  -1.1825541e+02
   6.2770000e+04   3.0265294e+01  -9.7738549e+01
   4.9538000e+04   5.8489207e+01   1.3189259e+01
   6.4814000e+04   4.2982162e+01  -8.1251053e+01
   4.9073000e+04   5.9371025e+01   1.8047962e+01
   1.1433000e+04   3.0267731e+01  -9.7745490e+01
   2.3110000e+03   3.5683244e+01   1.3968697e+02
   3.3964000e+04   4.2388086e+01  -7.1140246e+01
   5.1937000e+04   5.1319722e+01  -5.6160459e-01
   7.4141000e+04   3.7815404e+01  -1.2237151e+02
   5.1307000e+04   5.2989135e+01  -2.1392785e+00
   9.7900000e+02  -3.1952846e+01   1.1585777e+02
   2.5643000e+04   5.1891835e+01   7.4259370e+00
   7.7600000e+04   4.1787441e+01  -8.7744884e+01
   5.9788000e+04   3.0250155e+01  -9.7681070e+01
   8.5112000e+04   3.7238459e+01  -8.5927426e+01
   6.1836000e+04   5.9371229e+01   1.6515282e+01
   2.4629000e+04   3.7508475e+01   1.2701312e+02
   1.1420000e+03   3.0267308e+01  -9.7739734e+01
   6.8301000e+04   5.1826324e+01   4.4108962e+00
   6.6797000e+04   5.6675526e+01   1.2858384e+01
   4.7931000e+04   3.0203918e+01  -9.7717721e+01
   1.6328000e+04   3.2307431e+01  -1.0674227e+02
   2.8390000e+04   5.7698337e+01   1.1986415e+01
   6.8080000e+03   3.0411610e+01  -9.7675527e+01
   3.4107000e+04   4.9814573e+01   8.6454436e+00
   9.7690000e+03   2.1293791e+01  -1.5783920e+02
   2.3356000e+04   5.3257474e+00   1.0028471e+02
   6.3048000e+04   3.5220126e+01  -8.0943950e+01
   7.2713000e+04   3.0947010e+01  -9.7535898e+01
   3.9910000e+03   4.8427485e+01   5.8590112e+00
   6.4409000e+04   5.9301268e+01   1.7999286e+01
   5.3211000e+04   1.3735487e+01   1.0056290e+02
   7.9129000e+04   4.4917544e+01  -9.3215786e+01
   2.2773000e+04   5.9406416e+01   1.7942938e+01
   7.9541000e+04   2.5664012e+01  -8.0324092e+01
   6.2867000e+04   5.2995284e+01  -3.0315172e+00
   1.3900000e+03   5.9388310e+01   1.3483663e+01
   2.1251000e+04   2.4151904e+01   1.2064420e+02
   8.3692000e+04   3.7769070e+01  -1.2245212e+02
   6.6861000e+04   4.1925560e+01  -8.7640530e+01
   7.1821000e+04   4.2168032e+01  -7.2641194e+01
   6.9685000e+04   3.9640874e+01  -1.0637329e+02
   4.4240000e+03   4.9851132e+01  -9.9946203e+01
   6.0861000e+04   4.8866091e+01   1.8025268e+01
   2.3272000e+04   5.7787268e+01   1.4232305e+01
   4.5248000e+04   2.9790230e+01  -9.5372281e+01
   2.1453000e+04   3.6399672e+01  -9.3739920e+01
   7.7640000e+03   3.8800855e+01  -7.7068976e+01
   8.5307000e+04   3.3940143e+01  -1.1840528e+02
   1.8397000e+04   3.2711180e+01  -1.1716094e+02
   5.6611000e+04  -6.8695630e+00   1.0753757e+02
   6.0400000e+02   3.5665067e+01   1.3971238e+02
   5.3695000e+04   2.4673569e+01   4.6727909e+01
   5.8436000e+04   5.1503893e+01  -1.3171148e-02
   8.2396000e+04   3.6122615e+01  -1.1517078e+02
   6.9317000e+04   3.0267910e+01  -9.7749312e+01
   7.9690000e+03   3.2815374e+01  -9.6810166e+01
   2.0649000e+04   6.3819917e+01   2.0307105e+01
   6.9544000e+04   3.3503797e+01  -8.1959502e+01
   8.4010000e+04   5.5596062e+01   1.3010870e+01
   6.4704000e+04   5.7782869e+01   1.4169434e+01
   7.7831000e+04   3.8890928e+01  -7.7047988e+01
   5.4085000e+04   4.7377582e+01   8.5389519e+00
   5.0958000e+04   5.0879535e+01   4.6997022e+00
   7.6512000e+04   3.3985596e+01  -1.1843808e+02
   3.8169000e+04   3.9897715e+01   1.1636871e+02
   3.9500000e+03   3.4174753e+01  -9.2038748e+01
   4.5293000e+04   4.8893984e+01   1.8041143e+01
   3.2025000e+04   5.7712435e+01   1.1633524e+01
   5.0735000e+04  -6.1939250e+00   1.0689597e+02
   6.0736000e+04   5.9310708e+01   1.8023125e+01
   5.6131000e+04   4.5522659e+01  -1.2265686e+02
   5.5772000e+04   4.3207025e+01  -7.1537681e+01
   6.3390000e+03   3.6842589e+01  -7.6336559e+01
   5.0205000e+04   5.9342383e+01   1.8058354e+01
   6.2198000e+04   3.3807766e+01  -1.1791960e+02
   8.2716000e+04   4.0924239e+01  -7.2701376e+01
   6.2961000e+04   4.7374673e+01   8.5254994e+00
   6.6762000e+04   4.7611068e+01  -1.2234136e+02
   6.1182000e+04   2.7769771e+01  -8.2634544e+01
   8.3032000e+04   2.9891053e+01  -9.7936596e+01
   7.6710000e+04   3.2778872e+01  -7.9926230e+01
   5.9091000e+04   5.9343703e+01   1.8006326e+01
   9.9470000e+03   3.9627092e+01  -7.9957770e+01
   3.2461000e+04   1.4232766e+01   1.0057808e+02
   2.0293000e+04   5.9644716e+01   1.7088096e+01
   7.2010000e+04   3.0267729e+01  -9.7743593e+01
   6.5110000e+04   5.1487749e+01  -1.0071017e-02
   5.9931000e+04   2.9755362e+01  -9.5363013e+01
   5.1562000e+04   5.0590336e+01   8.6695549e+00
   7.5968000e+04   3.2231400e+01  -1.1095793e+02
   6.5644000e+04   3.9016313e+01  -7.6694281e+01
   2.6005000e+04  -3.3871147e+01   1.5126751e+02
   3.9165000e+04   5.9326704e+01   1.8068025e+01
   3.7840000e+04   5.9863260e+01   1.7643330e+01
   4.3634000e+04   3.5804518e+01  -7.8415162e+01
   4.3807000e+04   4.6950614e+01   7.4399508e+00
   6.2797000e+04   3.8217961e+01  -8.5586239e+01
   4.0878000e+04   5.1929590e+01   4.4556582e+00
   4.8886000e+04   5.5605936e+01   1.3020848e+01
   7.6999000e+04   3.7770986e+01  -1.2246893e+02
   7.0236000e+04   5.1689893e+01   7.8834592e+00
   7.9962000e+04   5.9863676e+01   1.7675551e+01
   5.9971000e+04   4.7411786e+01   8.5452980e+00
   6.9032000e+04   3.9997991e+01  -8.2884014e+01
   6.0519000e+04   3.6951788e+01  -8.4109090e+01
   3.9072000e+04   5.9637035e+01   1.7080446e+01
   4.2826000e+04   4.0726397e+01  -1.1188864e+02
   6.3126000e+04   5.9515166e+01   1.7940740e+01
   4.9170000e+04   4.0900806e+01  -7.3340993e+01
   1.8698000e+04   3.7788256e+01  -1.2240909e+02
   6.1646000e+04   4.1395081e+01   2.1675146e+00
   6.1975000e+04   4.7611212e+01  -1.2234231e+02
   6.3422000e+04   4.1383334e+01   2.1664188e+00
   5.3975000e+04   5.9860703e+01   1.7615494e+01
   8.4094000e+04   3.2793872e+01  -9.6776898e+01
   6.8450000e+04   3.9997835e+01  -7.6773544e+01
   5.8441000e+04   5.1489944e+01   6.7802429e-02
   7.2448000e+04  -3.7680306e+01   1.4486089e+02
   5.6963000e+04   3.6333997e+01  -9.4165961e+01
   5.8217000e+04   5.2023108e+01   8.5335338e+00
   5.8632000e+04   4.6417912e+01   6.2676466e+00
   1.8656000e+04   3.5337796e+01   1.3940903e+02
   1.4696000e+04   3.7790597e+01  -1.2244232e+02
   7.9842000e+04   4.2354453e+01  -7.1091285e+01
   4.8214000e+04   4.2553981e+01  -7.1769567e+01
   3.0709000e+04   6.0395132e+01   5.3293455e+00
   1.0216000e+04   1.4542910e+01   1.0133670e+02
   8.2390000e+03   3.8891823e+01  -9.2348085e+01
   2.0864000e+04   3.4044454e+01  -1.1845484e+02
   8.0665000e+04   5.9334645e+01   1.8053477e+01
   5.7746000e+04   5.0921061e+01   4.4178004e+00
   4.3427000e+04   4.1078205e+01   2.9011655e+01
   3.1444000e+04   3.8728987e+01  -9.1491534e+00
   6.2458000e+04   3.4850562e+01  -8.2337717e+01
   2.4210000e+03   3.3031154e+01  -9.6828509e+01
   5.5205000e+04   3.9039746e+01  -9.4573036e+01
   4.7719000e+04   5.2231578e+01  -2.4741769e-01
   7.6864000e+04   3.2806467e+01  -9.6811569e+01
   6.2313000e+04   2.6189236e+01  -8.0137013e+01
   1.3856000e+04   3.3804600e+01  -1.1792061e+02
   6.2312000e+04   3.2351111e+01  -8.6211817e+01
   1.5945000e+04   3.0267379e+01  -9.7736475e+01
   7.5997000e+04   5.0822398e+01  -1.3984932e-01
   7.7822000e+04   3.7727552e+01  -1.2247693e+02
   6.7292000e+04   5.5811772e+01  -4.1442283e+00
   4.2197000e+04   5.8283897e+01   1.2314065e+01
   2.7470000e+03   2.5699617e+01  -8.0295012e+01
   7.5798000e+04   3.2747904e+01  -9.7092919e+01
   2.2120000e+03   3.7806035e+01  -1.2241492e+02
   6.7435000e+04   4.0166070e+01  -7.5127105e+01
   7.4112000e+04   3.6659546e+01  -7.6232457e+01
   7.7227000e+04   5.2500481e+01   1.3439469e+01
   6.8027000e+04   5.7761401e+01   1.1971104e+01
   7.3873000e+04   5.3483864e+01  -2.2411036e+00
   4.4599000e+04   3.9188626e+01  -9.6599731e+01
   6.6646000e+04   3.8706511e+01  -9.1340160e+00
   7.5040000e+03   3.7352436e+01  -1.2188086e+02
   8.7590000e+03   3.0270734e+01  -9.7753703e+01
   6.5888000e+04   2.8373500e+01  -8.1522988e+01
   7.3200000e+04   3.2722150e+01  -9.7115108e+01
   2.1275000e+04   3.0551205e+01  -9.0996430e+01
   1.6570000e+03   3.7784522e+01  -1.2245927e+02
   5.6603000e+04   3.9911968e+01  -8.6221384e+01
   4.3561000e+04   2.2285701e+01   1.1415826e+02
   5.5963000e+04   3.9460263e+01  -7.6316921e+01
   6.7341000e+04   4.5534078e+01  -1.2265829e+02
   6.4962000e+04   4.8159748e+01   1.1562852e+01
   3.7209000e+04   5.9909739e+01   1.0642798e+01
   6.3155000e+04   5.1220540e+01   6.7939281e+00
   5.7460000e+04   5.9221666e+01   1.8195459e+01
   3.5196000e+04   5.3456494e+01   9.9886288e+00
   7.6776000e+04   4.5634630e+01   1.2252390e+01
   1.5438000e+04   2.1321787e+01  -1.5785970e+02
   7.6635000e+04   5.9369393e+01   1.8150604e+01
   4.3532000e+04   3.5735456e+01  -7.8802831e+01
   6.7522000e+04   5.2534465e+01   1.3384652e+01
   6.0896000e+04   5.9444879e+01   1.8071330e+01
   4.7834000e+04   5.7676931e+01   1.5852198e+01
   6.9735000e+04   3.3407033e+01  -1.1194567e+02
   7.3566000e+04   4.8095565e+01   1.1498047e+01
   4.4120000e+04   5.7674383e+01   1.1935515e+01
   5.2014000e+04   3.9580179e+01  -1.0496160e+02
   7.3178000e+04   4.1674170e+01  -8.6894495e+01
   3.8531000e+04   5.2835714e+00   1.0028826e+02
   5.4985000e+04   3.4156665e+01  -1.1848569e+02
   4.5906000e+04   5.5957819e+01  -3.1888783e+00
   4.8709000e+04   5.5602013e+01   1.2962716e+01
   1.2829000e+04   3.7336864e+01  -1.2199836e+02
   7.5266000e+04   5.9919088e+01   1.0648263e+01
   8.3483000e+04   3.1629513e+01  -9.7240191e+01
   6.3327000e+04   3.9449011e+01  -7.4474280e+01
   2.3375000e+04   4.6754902e+01   7.6297259e+00
   5.5515000e+04   5.9331411e+01   1.8044690e+01
   3.6400000e+04   5.2309469e+01   4.7622192e+00
   3.0038000e+04   5.6067967e+01   1.2750482e+01
   7.8105000e+04   1.8407067e+01  -6.6047868e+01
   6.5049000e+04   4.0830653e+01  -7.4139932e+01
   5.2070000e+04   4.9443163e+01   1.1016334e+01
   3.9160000e+03   5.9317268e+01   1.8051185e+01
   7.8420000e+04   4.2786128e+01  -7.3671997e+01
   1.6353000e+04   2.5032671e+01   1.2151694e+02
   7.3260000e+03   3.9925747e+01  -8.6113022e+01
   6.7606000e+04   3.0529767e+01  -9.7814766e+01
   4.2499000e+04   4.7520593e+01   2.1647375e+01
   4.0446000e+04   4.5503279e+01   1.2339277e+01
   1.5348000e+04   3.0270196e+01  -9.7734042e+01
   3.6981000e+04   3.4016205e+01  -1.1849634e+02
   5.8055000e+04   6.2484088e+01   1.7318764e+01
   8.2720000e+04   4.7443414e+01  -1.2230255e+02
   5.3182000e+04   3.9745973e+01  -8.8072640e+00
   6.6484000e+04   5.3733000e+01  -3.7361822e-01
   9.2720000e+03   4.0738076e+01  -7.3989213e+01
   5.4935000e+04   5.5772616e+01   3.7612406e+01
   7.8705000e+04   3.7325950e+01  -1.2194436e+02
   8.1063000e+04   4.4854325e+01  -9.3424333e+01
   8.6290000e+03   3.9849502e+01  -1.0467387e+02
   1.8956000e+04   5.2523742e+01   1.3464816e+01
   6.8244000e+04   5.2497737e+01   1.3431281e+01
   6.6959000e+04   5.9322572e+01   1.8006860e+01
   7.9185000e+04   5.9312843e+01   1.8074430e+01
   6.9056000e+04   3.0333611e+01  -8.7140652e+01
   8.4836000e+04   3.7776142e+01  -1.2239401e+02
   6.3865000e+04   2.5249827e+01   5.5359075e+01
   6.8428000e+04   5.9304005e+01   1.8077788e+01
   7.7323000e+04   4.5497045e+01  -1.2256796e+02
   8.8660000e+03   4.0574745e+01  -7.9795774e+01
   1.5537000e+04  -3.7775373e+01   1.4488761e+02
   5.5860000e+03   3.0401140e+01  -9.7726307e+01
   5.5606000e+04   3.2829440e+01  -9.7212986e+01
   4.5553000e+04   5.9369248e+01   1.7859253e+01
   4.8438000e+04   3.4828829e+01  -8.2305847e+01
   5.0464000e+04   3.7789527e+01  -1.2239486e+02
   3.0520000e+03   4.3662012e+01  -1.1626791e+02
   3.6982000e+04   5.9647796e+01   1.7927005e+01
   4.4736000e+04   5.8049652e+01   1.1776557e+01
   4.9237000e+04   6.5840804e+01   2.4132875e+01
   3.2569000e+04   5.8031966e+01   1.2810517e+01
   5.3779000e+04   5.2421872e+01   9.8471646e+00
   5.4540000e+03  -2.7539533e+01   1.5308331e+02
   6.5400000e+04   3.0282290e+01  -9.7713423e+01
   7.0382000e+04   3.3883829e+01  -8.4471184e+01
   6.9970000e+03   3.0267254e+01  -9.7739444e+01
   3.5456000e+04   4.3604155e+01  -1.1619819e+02
   6.2600000e+03   4.4990154e+01  -9.3254131e+01
   5.4652000e+04   3.0283373e+01  -9.7747487e+01
   6.4974000e+04  -2.9828581e+01   3.0962398e+01
   7.2963000e+04   2.1573055e+01   3.9127604e+01
   5.7026000e+04   2.9619559e+01  -9.7613963e+01
   6.3797000e+04   3.2868702e+01  -9.6773694e+01
   8.5214000e+04   3.7787713e+01  -1.2241148e+02
   4.9385000e+04   5.2373208e+01   4.9010398e+00
   8.2630000e+03   3.6322106e+01  -9.4134988e+01
   2.7087000e+04   4.5645284e+01  -1.2261029e+02
   8.1360000e+04   3.2844702e+01  -9.6773580e+01
   1.3891000e+04   4.2311410e+01  -8.9048363e+01
   2.1170000e+03   3.4111042e+01  -1.1819272e+02
   7.2055000e+04   4.5535585e+01  -1.2261985e+02
