   8.0987000e+04   2.1309181e+01  -1.5786315e+02
   2.7290000e+03   3.6302395e+01  -1.1528524e+02
   7.4119000e+04   5.1244253e+01   6.7878873e+00
   5.4621000e+04   4.1508321e+01  -8.1694860e+01
   6.5673000e+04   3.4846899e+01  -8.2403051e+01
   2.9651000e+04   5.2607736e+01   1.7274239e+00
   6.1192000e+04   4.1978029e+01  -8.7903671e+01
   6.3599000e+04   3.7615787e+01  -1.2239095e+02
   7.9453000e+04   3.8986385e+01  -9.4725029e+01
   8.3020000e+04   3.8565445e+01  -8.9979146e+01
   6.1697000e+04   4.5524672e+01  -7.3596070e+01
   1.9436000e+04   3.0266954e+01  -9.7743177e+01
   6.2373000e+04   4.7484762e+01   1.9069492e+01
   5.1340000e+03   3.5167748e+01  -1.0632427e+02
   6.7684000e+04   3.7737166e+01  -1.2221508e+02
   2.9394000e+04   4.9752178e+01   6.6427869e+00
   6.3070000e+03   3.4124474e+01  -1.1787212e+02
   7.9088000e+04   3.0268006e+01  -9.7740099e+01
   1.2430000e+03   4.7678608e+01  -1.2226476e+02
   8.2553000e+04   3.4851793e+01  -8.2399499e+01
   5.1806000e+04   5.8605904e+01   1.6265755e+01
   7.9127000e+04   3.3530055e+01  -1.1717526e+02
   5.6888000e+04   3.1456561e+01  -9.4726364e+01
   7.0664000e+04   3.7904433e+01  -1.2227433e+02
   1.6718000e+04   2.1291184e+01  -1.5782300e+02
   1.7856000e+04   2.1304045e+01  -1.5784852e+02
   8.2060000e+04   3.4063309e+01  -1.1745422e+02
   4.5034000e+04   4.9195026e+01  -1.2317790e+02
   4.2760000e+03   3.4097591e+01  -1.1832810e+02
   2.6760000e+04   3.9948922e+01  -7.5147145e+01
   2.9250000e+03   4.0145635e+01  -8.2972298e+01
   3.7538000e+04   5.9299069e+01   1.7992656e+01
   1.2100000e+03   3.0252885e+01  -9.7700569e+01
   1.9894000e+04   5.9323196e+01   1.8067038e+01
   7.8712000e+04   4.4039277e+01  -1.2307008e+02
   1.0787000e+04   3.7806766e+01  -1.2241859e+02
   6.7280000e+04   3.0265508e+01  -9.7748376e+01
   2.1091000e+04   4.6217080e+01  -1.1918823e+02
   3.5837000e+04   3.7193553e+01   1.2707379e+02
   1.0010000e+04   1.8416594e+01  -6.6065411e+01
   6.4925000e+04   3.1972781e+01   3.5884986e+01
   2.0470000e+03   4.7443414e+01  -1.2230255e+02
   8.4079000e+04   3.0268505e+01  -9.7741427e+01
   6.9574000e+04   3.3702358e+01  -1.1780179e+02
   6.4083000e+04   3.0445556e+01  -9.7630833e+01
   5.8476000e+04   3.3362758e+01  -1.1193044e+02
   6.9077000e+04   3.0245066e+01  -9.7751526e+01
   4.5652000e+04   5.1020843e+01  -1.3925229e+00
   5.0161000e+04   3.5510411e+01  -9.7565050e+01
   3.1316000e+04   5.1186546e+01   3.2285464e+00
   8.0571000e+04   3.9177405e+01  -8.4283224e+01
   6.4969000e+04   3.8328987e+01  -1.2269778e+02
   6.1556000e+04   3.3214388e+01  -9.7146010e+01
   5.3226000e+04   5.9493998e+01   1.7742809e+01
   6.1261000e+04   4.1939845e+01  -8.7661360e+01
   6.7462000e+04   4.0661463e+01  -7.4175174e+01
   8.2952000e+04   4.1867974e+01  -8.7619765e+01
   5.7260000e+04   2.6415955e+01   5.0115815e+01
   1.5595000e+04   3.2682274e+01  -9.7193755e+01
   2.8955000e+04   3.6102307e+01  -1.1516963e+02
   5.9462000e+04   3.4851398e+01  -8.2397745e+01
   1.5430000e+03   5.3805492e+01  -1.5557671e+00
   3.3094000e+04   5.9899700e+01   1.0629830e+01
   6.3626000e+04   5.1337419e+01   6.7308801e+00
   6.9781000e+04   3.8584893e+01  -1.2148246e+02
   8.1654000e+04   4.7669742e+01  -1.2237462e+02
   7.6031000e+04   3.5077230e+01  -9.2459446e+01
   8.5111000e+04   3.9374865e+01  -7.7410715e+01
   7.4074000e+04   3.7322188e+01  -1.2203060e+02
   5.9363000e+04   3.5851366e+01  -7.8830185e+01
   4.8164000e+04   5.7708297e+01   1.1969090e+01
   8.4048000e+04   4.7044176e+01  -1.2290038e+02
   7.1120000e+03   3.7823942e+01  -1.2200434e+02
   3.5612000e+04  -2.0076466e+01   1.4626234e+02
   5.3146000e+04   9.9393807e+00  -8.4050840e+01
   7.4000000e+04   5.9302153e+01   1.8103484e+01
   8.5943000e+04   3.2966668e+01  -9.6820965e+01
   7.3176000e+04   2.5648686e+01  -1.0033080e+02
   6.1551000e+04   2.9785247e+01  -9.5472168e+01
   7.4750000e+04   3.9723943e+01  -8.2612655e+01
   3.8408000e+04   5.0719972e+01  -3.5389125e+00
   3.7229000e+04   1.3745756e+01   1.0053355e+02
   6.0559000e+04   4.8429092e+01  -1.2333078e+02
   3.7519000e+04   1.3720421e+01   1.0051875e+02
   5.8111000e+04   4.3249488e+01  -7.0599900e+01
   1.0768000e+04   1.8798179e+01   9.9012040e+01
   1.0630000e+04   3.7791508e+01  -1.2241369e+02
   4.0707000e+04   5.9192451e+01   1.7627065e+01
   8.3365000e+04   3.0142933e+01  -9.7732042e+01
   5.8522000e+04   3.2953150e+01  -9.7281856e+01
   8.0208000e+04   3.4099020e+01  -1.1832906e+02
   5.5619000e+04   5.7720959e+01   1.2058488e+01
   7.0829000e+04   2.9630240e+01  -8.2424144e+01
   6.5175000e+04   3.0270734e+01  -9.7753703e+01
   7.1817000e+04   3.2734601e+01  -1.1715205e+02
   4.5810000e+04   5.1535111e+01  -1.2034473e-01
   6.9319000e+04   2.8362095e+01  -8.1424117e+01
   2.0964000e+04   4.6214094e+01  -1.1920860e+02
   1.2914000e+04   1.3509964e+01   1.4482244e+02
   7.7554000e+04   4.5588906e+01  -1.2259317e+02
   3.0770000e+03   3.8886306e+01  -7.7096300e+01
   6.5162000e+04   5.1965665e+01   7.6345687e+00
   5.2918000e+04   3.3656550e+01  -1.0182196e+02
   6.2573000e+04   4.1886729e+01  -8.7647185e+01
   2.0680000e+03   3.7732728e+01  -1.2194171e+02
   3.7784000e+04   6.2504857e+01   1.4098251e+01
   4.4535000e+04   6.3370399e+01   1.2699314e+01
   6.8724000e+04   5.9472082e+01   1.8096123e+01
   5.2079000e+04   3.5779126e+01  -7.8645764e+01
   2.8875000e+04   5.2336367e+01  -1.9415116e+00
   1.9880000e+03   5.9915312e+01   1.0740542e+01
   8.5898000e+04   3.3735047e+01  -8.4389784e+01
   8.3760000e+04   3.2784884e+01  -9.6797211e+01
   6.0272000e+04   3.2121214e+01  -1.1093829e+02
   6.8656000e+04   3.0119496e+01  -9.7665531e+01
   8.4126000e+04   3.0170957e+01  -9.7804778e+01
   2.4701000e+04   5.9912254e+01   1.0755454e+01
   2.4252000e+04   5.9927784e+01   1.0729287e+01
   6.8928000e+04   5.2991883e+01   6.5188086e+00
   8.5921000e+04   4.0762216e+01  -7.4001718e+01
   8.1519000e+04   2.8232396e+01  -8.0724192e+01
   3.4100000e+03   5.3743921e+01  -3.2743200e-01
   2.3239000e+04   5.9601683e+01   1.5198573e+01
   7.0210000e+04   3.8802423e+01  -7.7040599e+01
   6.8151000e+04   5.8302727e+01   1.1521593e+01
   6.3350000e+04   5.3487741e+01  -2.1296365e+00
   2.5461000e+04   5.7700560e+01   1.2836906e+01
   7.9795000e+04   8.9817045e+00  -7.9510126e+01
   4.9951000e+04   6.1156339e+01   1.3204658e+01
   3.6169000e+04   4.8738019e+01   9.1679165e+00
   6.0652000e+04   4.2535980e+01  -8.3066721e+01
   8.1643000e+04   5.7697222e+01   1.1990987e+01
   7.0549000e+04   3.5539059e+01  -9.7528207e+01
   6.9143000e+04   3.0401834e+01  -9.7725953e+01
   6.8051000e+04   5.9235467e+01   1.7983085e+01
   8.1252000e+04  -3.3867832e+01   1.5121201e+02
   1.5233000e+04   3.3574177e+01  -1.1767875e+02
   5.4035000e+04   5.1537967e+01  -5.7411250e-02
   2.6096000e+04   5.7795891e+01   1.2050736e+01
   6.0261000e+04   3.0264284e+01  -9.7739300e+01
   4.5900000e+04   6.0384858e+01   5.2986294e+00
   7.1581000e+04   3.0351177e+01  -9.1015628e+01
   1.8686000e+04   2.2297183e+01   1.1416685e+02
   8.3267000e+04   3.0689423e+01  -8.8017275e+01
   6.3983000e+04   4.0183857e+01  -7.4880495e+01
   6.3092000e+04   4.9275477e+01  -1.2312645e+02
   7.0449000e+04   6.2387172e+01   1.7302743e+01
   3.1784000e+04   5.1469509e+01  -4.9085452e-01
   8.2647000e+04   4.2934417e+01  -8.1106396e+01
   7.3304000e+04   3.9970361e+01  -7.5191599e+01
   1.8077000e+04   3.0268519e+01  -9.7736177e+01
   7.1820000e+04   3.7810767e+01  -1.2241126e+02
   2.7110000e+03   3.2948787e+01  -9.6989688e+01
   5.2974000e+04   5.1621887e+01  -3.9466223e+00
   1.8136000e+04   4.7661535e+01  -1.2231414e+02
   4.9288000e+04  -6.1184349e+00   1.0678333e+02
   5.7797000e+04   4.4967774e+01  -9.3446445e+01
   7.0271000e+04   3.9100992e+01  -8.4512801e+01
   6.6888000e+04   3.0271829e+01  -9.7753322e+01
   8.5318000e+04   3.0263228e+01  -9.7738469e+01
   7.4210000e+04   3.3911519e+01  -1.1786754e+02
   6.2342000e+04   4.0719975e+01  -7.3959896e+01
   2.5987000e+04   1.3731431e+01   1.0078163e+02
   5.0991000e+04   5.9380916e+01   1.3504592e+01
   6.1820000e+04   3.5416650e+01  -8.0676652e+01
   4.3639000e+04   5.9304837e+01   1.8088839e+01
   7.2180000e+03   2.9938852e+01  -9.5629227e+01
   2.9136000e+04   4.7485480e+01   1.9025257e+01
   5.4923000e+04   5.2513417e+01   6.0899151e+00
   1.1390000e+04   3.3626935e+01  -1.1189109e+02
   6.1890000e+04   3.6084899e+01  -1.1514908e+02
   6.6583000e+04   3.5444549e+01  -9.7600992e+01
   4.9345000e+04   5.2212652e+01   5.9627848e+00
   6.3770000e+03   3.0359332e+01  -9.7734804e+01
   7.8367000e+04   3.0269131e+01  -9.7749626e+01
   6.6879000e+04   4.8191141e+01   1.1851170e+01
   4.5570000e+04   5.2197099e+01   5.3698146e+00
   7.3373000e+04   5.7168627e+01   1.2276891e+01
   7.1919000e+04   3.7786538e+01  -1.2240773e+02
   7.9067000e+04   3.3835457e+01  -1.1653401e+02
   4.3182000e+04   3.5701442e+01   1.3970068e+02
   5.7919000e+04   3.2897462e+01  -9.7040348e+01
   8.1875000e+04   3.4742560e+01  -8.6680853e+01
   7.4860000e+04   3.2080881e+01  -8.1095175e+01
   8.1400000e+02   3.0179004e+01  -8.1556406e+01
   5.4130000e+03   4.0018786e+01  -1.0527630e+02
   5.7689000e+04   4.1886767e+01  -8.7621369e+01
   6.3515000e+04   4.0743840e+01  -7.3419282e+01
   6.4448000e+04   3.0267910e+01  -9.7749312e+01
   6.3995000e+04   4.2718545e+01  -7.1162235e+01
   2.6742000e+04   5.1998064e+01  -2.1246700e+00
   6.4433000e+04   3.0295219e+01  -9.7742706e+01
   3.7427000e+04   4.8668583e+01   9.3683178e+00
   2.5781000e+04   3.5664037e+01   1.3969919e+02
   5.1510000e+03   3.3872272e+01  -1.1774623e+02
   8.5159000e+04   3.4047643e+01  -1.1841120e+02
   4.2461000e+04   5.9509703e+01   1.7926932e+01
   1.8080000e+03   3.5979902e+01  -7.5641660e+01
   3.7800000e+03   3.3812702e+01  -1.1792033e+02
   8.1176000e+04   2.8666097e+01  -8.1377013e+01
   8.3644000e+04   2.8373803e+01  -8.1549666e+01
   5.6902000e+04   3.3344928e+01  -1.1197017e+02
   6.3840000e+04   4.0756762e+01  -7.3947273e+01
   8.1699000e+04   5.1884491e+01   2.4547577e-01
   6.6679000e+04   3.0403754e+01  -9.7725143e+01
   6.1626000e+04   5.4929816e+01   9.8063531e+00
   1.6247000e+04   3.0267027e+01  -9.7744503e+01
   5.6311000e+04   5.3897811e+01   2.7553869e+01
   9.6980000e+03   4.7605316e+01  -1.2262892e+02
   5.6417000e+04   3.5417161e+01  -8.4656595e+01
   7.3144000e+04   3.7765477e+01  -8.9335658e+01
   4.6613000e+04   5.6663438e+01   1.2876245e+01
   7.9930000e+03  -3.5270587e+01   1.4913089e+02
   5.5633000e+04   3.3388751e+01  -1.1211698e+02
   6.4914000e+04   5.6237556e+01   1.5284997e+01
   5.6775000e+04   2.5760239e+01  -8.0193050e+01
   5.4600000e+04   3.7673420e+01  -1.1215331e+02
   6.0556000e+04   4.2356879e+01  -7.1061931e+01
   5.4780000e+04   5.0878807e+01   3.8289384e+00
   5.9207000e+04   5.9348665e+01   1.8054105e+01
   2.1572000e+04  -3.4922852e+01   1.3861012e+02
   8.1021000e+04   2.8354517e+01  -8.1563074e+01
   3.5700000e+02   3.2790635e+01  -7.9960758e+01
   2.4401000e+04   4.5519917e+01  -1.2267650e+02
   1.7448000e+04   3.7787954e+01  -1.2240753e+02
   4.6776000e+04   4.1385091e+01  -8.7666034e+00
   6.2207000e+04   4.0738592e+01  -7.4003537e+01
   6.3132000e+04   4.9833267e+01   9.9978038e+00
   4.5760000e+03   3.2893513e+01  -9.7237894e+01
   6.2510000e+04   4.6489851e+01  -8.7208252e+01
   8.3460000e+03   1.8403779e+01  -6.6108628e+01
   7.8985000e+04   4.9501095e+01   5.9761964e+00
   5.8780000e+04   3.5657567e+01  -9.7473174e+01
   5.9909000e+04   3.6031790e+01  -9.5921705e+01
   6.9306000e+04   5.9315664e+01   1.8064262e+01
   6.5636000e+04   2.8450526e+01  -8.1465243e+01
   6.8551000e+04   3.5952278e+01  -8.2562071e+01
   4.4372000e+04   3.5842936e+01  -7.8824729e+01
   6.9706000e+04   5.1460012e+01   6.6629260e+00
   6.1123000e+04   5.9321740e+01   1.8074838e+01
   7.8469000e+04   5.0263067e+01   1.0963850e+01
   4.0990000e+03   3.0270552e+01  -9.7748307e+01
   4.4891000e+04   5.9330158e+01   1.8058079e+01
   5.8316000e+04   2.9714715e+01  -9.5391369e+01
   2.0469000e+04   5.7708068e+01   1.1973560e+01
   7.0782000e+04   3.6129736e+01  -1.1516555e+02
   4.7560000e+03   4.7241193e+01  -1.2242587e+02
   7.4576000e+04   3.0561197e+01  -9.0949020e+01
   1.2897000e+04   4.7978705e+01  -1.2220299e+02
   1.0873000e+04   3.9160289e+01  -7.5554749e+01
   5.4124000e+04   3.0268964e+01  -9.7740501e+01
   6.9543000e+04   5.1820474e+01   4.7700834e+00
   7.0770000e+03   3.6125377e+01  -1.1522548e+02
   6.2404000e+04   3.8592232e+01  -1.2141574e+02
   5.8210000e+04   4.2978309e+01  -7.0960269e+01
   7.7858000e+04   3.3727587e+01  -7.8859348e+01
   8.1907000e+04   3.4185997e+01  -1.1831582e+02
   2.5100000e+02   3.3692621e+01  -1.1798741e+02
   1.2757000e+04   3.6324754e+01  -9.4223614e+01
   6.0446000e+04   5.4598366e+01  -5.9244127e+00
   7.9377000e+04   2.7921573e+01  -8.2495614e+01
   4.3109000e+04  -3.4889304e+01   1.3861252e+02
   5.9681000e+04   3.7788861e+01  -1.2239942e+02
   6.4349000e+04   6.0676237e+01   1.7151171e+01
   1.8693000e+04   5.9297105e+01   1.8017813e+01
   1.5347000e+04   3.3805859e+01  -1.1791189e+02
   6.5749000e+04   5.1463631e+01  -1.3301465e-01
   4.0844000e+04   2.7955354e+01  -8.2525392e+01
   6.6252000e+04   4.4726838e+01  -9.3216523e+01
   6.3475000e+04   4.0727732e+01  -7.3424116e+01
   3.0590000e+03   3.2756306e+01  -9.7069788e+01
   7.0077000e+04   4.0459139e+01  -3.6976700e+00
   8.2741000e+04   6.0794573e+01   1.1068844e+01
   5.4238000e+04   3.0201557e+01  -9.7667127e+01
   7.6839000e+04   2.8311980e+01  -8.2699730e+01
   5.0154000e+04   5.9822167e+01   1.0381206e+01
   7.3916000e+04   3.2027425e+01  -1.0209111e+02
   7.0161000e+04   4.8797989e+01  -1.2248850e+02
   5.4804000e+04   5.9505716e+01   1.7911247e+01
   5.9404000e+04   5.9336650e+01   1.8029552e+01
   1.4558000e+04   4.3043784e+01  -8.7899183e+01
   5.3069000e+04   5.0841429e+01  -2.0486712e-01
   1.5735000e+04   3.4109612e+01  -1.1753439e+02
   4.9586000e+04   5.2374372e+01   4.6635534e+00
   5.9171000e+04   4.0370161e+01  -8.0635129e+01
   6.9386000e+04   3.1545979e+01  -9.7124457e+01
   3.7034000e+04   5.9848701e+01   1.7560004e+01
   7.8856000e+04   1.8402817e+01  -6.6050105e+01
   5.7431000e+04   3.9084628e+01  -9.4431764e+01
   7.3577000e+04   3.3154543e+01  -9.6814308e+01
   4.5013000e+04   4.5515281e+01  -7.3684792e+01
   7.6490000e+04   3.9770341e+01  -8.6159184e+01
   8.5946000e+04   3.6038828e+01  -8.6744720e+01
   5.8771000e+04   3.6340459e+01  -9.4179151e+01
   1.1474000e+04   4.0759330e+01  -8.0448903e+01
   3.6013000e+04   5.9312641e+01   1.8081082e+01
   3.4919000e+04   5.4003802e+01  -1.4375703e+00
   8.0129000e+04   3.8889563e+01  -7.7037077e+01
   7.5961000e+04   4.1591789e+01  -8.4150445e+01
   7.5700000e+03   3.8968720e+01  -9.5235909e+01
   3.8210000e+04   5.0779580e+01   6.0596359e+00
   4.7712000e+04   5.2698022e+01   6.2290793e+00
   6.7038000e+04   3.7505365e+01  -1.2226066e+02
   2.0234000e+04   3.4102648e+01  -1.1833880e+02
   8.7480000e+03   1.3747123e+01   1.0060911e+02
   4.7744000e+04   5.7708278e+01   1.1985965e+01
   6.7249000e+04   5.9913057e+01   1.0741047e+01
   6.8372000e+04   3.7443398e+01  -1.2217193e+02
   6.7414000e+04   3.2784494e+01  -9.6784759e+01
   9.5550000e+03   3.0338445e+01  -9.7701986e+01
   5.6633000e+04   3.9687783e+01  -1.0498055e+02
   8.2245000e+04   3.0619586e+01  -9.6342212e+01
   7.7590000e+04   3.8907851e+01  -7.7063677e+01
   3.5239000e+04   5.9932064e+01   1.6959991e+01
   6.3725000e+04   3.4830233e+01  -1.1709528e+02
   8.3220000e+04   3.3578744e+01  -1.0190008e+02
   7.4817000e+04   5.5592831e+01   1.3006675e+01
   8.3055000e+04   4.1883902e+01  -8.7621922e+01
   4.3620000e+03  -2.8087625e+01   1.5345263e+02
   4.2548000e+04   5.1519788e+01  -1.1880128e-01
   5.0220000e+04   3.7313758e+01  -1.2179585e+02
   2.1177000e+04   5.1285326e+01   6.7670631e+00
   6.1051000e+04   5.0940040e+01   6.9721859e+00
   2.0460000e+03   3.8852420e+01  -7.7051547e+01
   4.3005000e+04   4.9403753e+01   8.6921015e+00
   6.0870000e+04   5.0166416e+01  -5.1205027e+00
   8.4278000e+04   3.0255731e+01  -9.7763386e+01
   5.4690000e+04   6.0390430e+01   5.3212237e+00
   6.0545000e+04   4.0135192e+01  -8.3004536e+01
   3.5147000e+04   5.7738832e+01   1.2107324e+01
   5.1327000e+04   3.0282995e+01  -9.7824871e+01
   1.0811000e+04   3.3307320e+01  -1.1187417e+02
   1.0021000e+04   3.4077670e+01  -1.1755337e+02
   4.5384000e+04   3.1188482e+00   1.0163687e+02
   7.2854000e+04   3.2121214e+01  -1.1093829e+02
   4.0140000e+03   3.4137824e+01  -1.1814992e+02
   5.8572000e+04   5.9306086e+01   1.8079859e+01
   8.2956000e+04   3.5330795e+01   1.3940752e+02
   5.4046000e+04   5.2471594e+01   1.7506612e+00
   7.5870000e+03   3.0268471e+01  -9.7744632e+01
   4.1910000e+03   3.2307926e+01  -1.0685641e+02
   6.3548000e+04   5.9953585e+01   1.1045679e+01
   5.9009000e+04   3.3904171e+01  -8.4359797e+01
   5.4731000e+04   4.7085846e+01   1.5458031e+01
   8.1681000e+04   2.1290287e+01  -1.5784255e+02
   8.5207000e+04   3.9968725e+01  -8.3010560e+01
   7.5237000e+04   6.0365387e+01   5.3412029e+00
   3.3241000e+04   2.4813077e+01   4.6710019e+01
   4.5121000e+04   3.8730468e+01  -9.1469979e+00
   2.3995000e+04   5.6000978e+01   1.2972623e+01
   6.2879000e+04   5.9828906e+01   1.0805344e+01
   5.7208000e+04   4.2931869e+01  -7.8730394e+01
   4.6928000e+04   3.5896733e+01  -7.8651359e+01
   7.1918000e+04   6.3417748e+01   1.0472308e+01
   1.8662000e+04   6.0605612e+01   1.5630713e+01
   3.0061000e+04   5.6648772e+01   1.2900245e+01
   3.9738000e+04  -3.5005003e+01   1.3871662e+02
   8.3126000e+04   2.8367877e+01  -8.1549368e+01
   2.7402000e+04   5.1522603e+01  -1.6306758e-01
   8.8460000e+03   3.4027349e+01  -1.1847355e+02
   4.2751000e+04   5.7781714e+01   1.4163296e+01
   5.7229000e+04   4.8774719e+01   1.1383654e+01
   4.0891000e+04   4.3016980e+01  -8.2441632e+01
   7.1258000e+04   2.8472049e+01  -8.1473542e+01
   2.2921000e+04   5.1002729e+01   3.8020574e+00
   5.1281000e+04   3.7716028e+01  -9.7418994e+01
   7.2350000e+03   1.8464233e+01  -6.6114703e+01
   2.2592000e+04   6.0171299e+01   2.4933298e+01
   4.1138000e+04   5.7697592e+01   1.1931568e+01
   8.3510000e+03   4.4517173e+01  -9.2223042e+01
   1.4279000e+04   4.7111358e+01  -8.8579705e+01
   6.8330000e+04   3.7220194e+01  -8.0421188e+01
   2.3750000e+03   3.0341754e+01  -9.7725768e+01
   2.2845000e+04   2.1387589e+01  -1.5803310e+02
   4.8078000e+04   3.5997222e+01  -7.8899851e+01
   6.2202000e+04   2.9905720e+01  -9.5670355e+01
   2.5386000e+04   6.1457469e+01   5.8453381e+00
   6.6654000e+04   1.8408731e+01  -6.6103835e+01
   4.2456000e+04   3.2921439e+01  -9.6776623e+01
   6.9263000e+04   3.3993900e+01  -8.1029878e+01
   6.3927000e+04   3.7003007e+01  -9.3223552e+01
   3.7712000e+04   4.8321191e+01   1.4289623e+01
   4.1532000e+04   5.9336456e+01   1.8059024e+01
   7.2924000e+04   4.7376292e+01   8.5351369e+00
   7.0887000e+04   4.4891911e+01  -8.5662329e+01
   8.1485000e+04   4.0028158e+01  -7.5058880e+01
   6.2700000e+02   3.8716478e+01  -7.5075868e+01
   5.3568000e+04   5.5681935e+01   1.2522520e+01
   7.8316000e+04   2.8376024e+01  -8.1549411e+01
   1.7351000e+04   3.7790014e+01  -1.2240837e+02
   6.8080000e+04   4.0308372e+01  -1.1169992e+02
   4.8872000e+04   4.9176053e+01   1.6597403e+01
   5.9741000e+04   4.2352028e+01  -7.8650512e+00
   2.8610000e+03   4.7496239e+01   1.9066984e+01
   5.7152000e+04   4.2520781e+01  -8.3107171e+01
   7.6370000e+03   4.9172279e+01  -1.2313750e+02
   6.0448000e+04   3.8928288e+01  -7.7017089e+01
   3.3059000e+04   5.3984972e+01  -1.1240839e+00
   4.6711000e+04   3.8771625e+01  -7.7183628e+01
   6.7124000e+04   5.1451506e+01   7.0153069e+00
   6.1241000e+04   4.8204176e+01   1.6358251e+01
   2.3834000e+04   3.0270054e+01  -9.7741174e+01
   8.1900000e+02   3.0315097e+01  -9.7741395e+01
   3.2674000e+04   4.8143404e+01   1.1535891e+01
   6.2607000e+04   3.0412047e+01  -9.7747927e+01
   6.5500000e+04   3.7754267e+01  -1.2247715e+02
   6.6861000e+04   5.7661875e+01   1.1877691e+01
   2.3870000e+03   2.9566308e+01  -9.8594564e+01
   2.9201000e+04   3.7787420e+01  -1.2240981e+02
   5.8281000e+04   5.9280862e+01   1.8013437e+01
   5.1329000e+04   4.9457650e+01   1.1076847e+01
   5.9052000e+04   3.8897579e+01  -7.7023001e+01
   2.3152000e+04   5.9343889e+01   1.8006088e+01
   5.9307000e+04   3.0840853e+01  -8.9534738e+01
   4.2000000e+03   3.9658073e+01  -8.4157704e+01
   4.5550000e+03   4.0726053e+01  -7.3983111e+01
   4.3868000e+04   5.9343271e+01   1.8057737e+01
   5.5092000e+04   1.0491048e+01  -6.6862280e+01
   5.6514000e+04   3.7788372e+01  -1.2242377e+02
   6.1689000e+04   4.9789058e+01   9.9363659e+00
   5.3265000e+04   2.7790731e+01  -8.2734788e+01
   2.0274000e+04   5.7941814e+01   1.1854774e+01
   4.7160000e+03   3.4066063e+01  -1.1816871e+02
   5.8019000e+04   5.7707105e+01   1.1969315e+01
   7.3006000e+04   3.5123621e+01  -8.4875811e+01
   6.6153000e+04   4.7051108e+01   8.3120271e+00
   4.7811000e+04   3.2766821e+01  -9.6407192e+01
   1.1918000e+04   3.8655265e+01  -9.0298064e+01
   5.3683000e+04   2.8523427e+01  -8.0681845e+01
   3.6866000e+04   5.9421085e+01   1.7858791e+01
   7.5114000e+04   3.5028804e+01  -1.1459738e+02
   2.3621000e+04   1.6811196e+01   9.6152438e+01
   5.2559000e+04   3.7518476e+01   1.2690045e+02
   4.2587000e+04   5.2057449e+01   1.1331024e+00
   7.4331000e+04   3.7765617e+01  -1.2240952e+02
   6.4079000e+04   5.1212685e+01   4.4103393e+00
   8.0291000e+04   2.4566331e+01   4.6667624e+01
   3.5517000e+04   5.7696147e+01   1.1955727e+01
   6.0553000e+04   4.2827623e+01   1.2112674e+01
   2.0739000e+04   1.4560532e+01   1.2104197e+02
   5.4022000e+04   4.5522390e+01  -1.2265739e+02
   3.7225000e+04   5.1092872e+01   1.3720718e+01
   5.3895000e+04   5.9933629e+01   1.0822070e+01
   8.4342000e+04   3.0282047e+01  -9.7743431e+01
   5.0979000e+04   3.3943538e+01  -1.1840717e+02
   2.1585000e+04   5.0899655e+01   4.5096029e+00
   4.6725000e+04   5.2285146e+01   9.8226142e+00
   6.0813000e+04   3.7614983e+01  -1.2238582e+02
   4.0907000e+04   5.9616691e+01   1.7855261e+01
   7.5436000e+04   3.2549935e+01  -9.2610585e+01
   3.5244000e+04   4.6677946e+01   8.5909653e+00
   4.8964000e+04   5.3153968e+01  -6.9166423e+00
   5.7166000e+04   5.9381842e+01   1.8036605e+01
   7.5947000e+04   4.0004489e+01  -8.6178131e+01
   1.6930000e+03  -3.7891799e+01   1.4463015e+02
   8.0680000e+04   4.2943874e+01   1.3802680e+01
   4.0411000e+04   4.2388086e+01  -7.1140246e+01
   3.3397000e+04   6.5054255e+01   2.0051380e+01
   1.6645000e+04   4.1915250e+01  -8.7677676e+01
   6.5120000e+04   5.8586213e+01   1.6188086e+01
   5.9279000e+04   5.6043133e+01   1.2693558e+01
   5.5693000e+04   3.9773566e+01  -8.6155772e+01
   6.3252000e+04   2.5735643e+01  -8.0237755e+01
   4.1535000e+04   5.1121279e+01   3.1500043e+00
   8.0259000e+04   3.0264479e+01  -9.7739568e+01
   1.0706000e+04   4.9445731e+01   1.1082909e+01
   5.7991000e+04   3.9112643e+01  -9.4875901e+01
   1.2081000e+04   3.0214140e+01  -9.7829080e+01
   1.4444000e+04   3.4075955e+01  -1.1837660e+02
   6.3917000e+04   3.7811530e+01  -1.2226602e+02
   5.9100000e+03   4.1076500e+01  -7.3858890e+01
   6.3692000e+04   3.0145049e+01   3.1410932e+01
   2.1221000e+04   4.8223261e+01   1.6400203e+01
   3.7123000e+04   4.9410280e+01   8.6528510e+00
   1.3279000e+04   3.7774612e+01  -1.2242029e+02
   3.3876000e+04   5.0093738e+01   1.4444827e+01
   5.8641000e+04   5.9343599e+01   1.8065534e+01
   7.6925000e+04   5.4647618e+01  -5.6568968e+00
   7.5946000e+04   3.0202160e+01  -9.7666869e+01
   8.0976000e+04  -2.7479385e+01   1.5301269e+02
   4.2750000e+04   5.3327411e+01  -3.8357243e+00
   8.1555000e+04   3.0263515e+01  -9.7740169e+01
   1.2148000e+04   5.0081873e+01   8.2368842e+00
   5.9691000e+04   5.9248570e+01   1.7983294e+01
   7.6685000e+04   3.6240795e+01  -1.1507956e+02
   4.1685000e+04   4.1879049e+01  -8.7636137e+01
   9.8600000e+03   3.7738035e+01  -8.4327768e+01
   7.2294000e+04   5.9315734e+01   1.8050119e+01
   1.4190000e+04   4.7607429e+01  -1.2233357e+02
   5.6718000e+04   3.4156089e+01  -1.1832710e+02
   6.1667000e+04   4.0722358e+01  -7.3987157e+01
   2.5490000e+03   4.7078925e+01  -1.2302018e+02
   5.8506000e+04   4.1424072e+01  -8.1736070e+01
   6.0944000e+04   3.7419137e+01  -1.2187633e+02
   6.2899000e+04   5.9336035e+01   1.8075160e+01
   7.5273000e+04   5.2466872e+01   6.5608784e+00
   6.7859000e+04   3.2821227e+01  -9.6785352e+01
   7.3398000e+04   3.6127156e+01  -1.1517065e+02
   1.3648000e+04   3.7771916e+01  -1.2243506e+02
   7.4804000e+04   2.9806906e+01  -8.1262581e+01
   8.0450000e+04   3.7575901e+01  -1.2233612e+02
   8.0965000e+04   2.1620976e+01   3.9191955e+01
   4.7299000e+04   4.7628447e+01  -1.2234525e+02
   4.4375000e+04   3.6182357e+01  -8.6735607e+01
   2.9860000e+04   5.1516948e+01  -1.8085223e-01
   1.9380000e+03   3.7447479e+01  -1.2216012e+02
   8.2706000e+04   3.7533969e+01  -1.2232662e+02
   4.7385000e+04   2.7907969e+01  -8.2689972e+01
   2.7967000e+04   5.9888119e+01   1.7636768e+01
   5.4490000e+04   3.2792433e+01  -9.6793233e+01
   3.0038000e+04   3.9943269e+01   1.1639223e+02
   8.2691000e+04   3.2943811e+01  -9.7130454e+01
   7.0702000e+04   2.0853772e+01  -1.5631108e+02
   2.6284000e+04   5.0052737e+01   8.5704580e+00
   6.5116000e+04   3.0430741e+01  -9.1112625e+01
   6.3368000e+04   3.2755666e+01  -9.7800635e+01
   4.5524000e+04   3.3150819e+01   1.2974967e+02
   1.4878000e+04   3.7558135e+01   1.2697779e+02
   8.6364000e+04   1.8415755e+01  -6.6075425e+01
   2.4268000e+04   4.5459870e+01   9.2241973e+00
   5.3750000e+04   5.4912007e+01  -1.3780788e+00
   6.5706000e+04   3.7791239e+01  -1.2239275e+02
   8.6092000e+04   3.6069048e+01  -1.1515577e+02
   1.5195000e+04   5.9292140e+01   1.5203030e+01
   6.9013000e+04   3.0273917e+01  -9.7740812e+01
   7.0144000e+04   3.6156069e+01  -1.1503784e+02
   2.6220000e+03   1.3749861e+01   1.0055706e+02
   6.8104000e+04   4.1789681e+01  -8.7596709e+01
   4.2000000e+04   5.0897078e+01   4.4770145e+00
   1.7976000e+04   3.6078980e+01  -9.4216451e+01
   1.9700000e+02   5.6191237e+01   1.4846160e+01
   7.0768000e+04   3.0264816e+01  -9.7740318e+01
   7.7884000e+04  -2.5285188e+01  -5.7577545e+01
   7.0795000e+04   4.2652744e+01  -7.3767392e+01
   8.2686000e+04   4.0051446e+01  -8.2915044e+01
   2.8860000e+03   3.7775209e+01  -1.2246484e+02
   7.0496000e+04   3.8727714e+01  -9.2181193e+00
   2.5422000e+04   5.5614993e+01   1.2986169e+01
   5.4440000e+04   3.2783261e+01  -9.6794219e+01
   2.2971000e+04   5.1050760e+01  -1.1407860e+02
   5.9568000e+04   3.3858055e+01  -1.1811589e+02
   2.7223000e+04   5.5711291e+01   1.3189090e+01
   1.3022000e+04   3.9532654e+01  -1.1986361e+02
   5.4850000e+03   3.4017273e+01  -1.1844751e+02
   1.5850000e+04   4.7613107e+01  -1.2233605e+02
   2.5118000e+04   3.6125327e+01  -1.1516569e+02
   3.7592000e+04   4.6617566e+01   1.4267828e+01
   6.7137000e+04   2.8659693e+01  -8.1419839e+01
   5.6633000e+04   3.5521346e+01  -9.7583674e+01
   6.5741000e+04   4.6625153e+01   8.0351518e+00
   6.5290000e+03   3.3807822e+01  -1.1787661e+02
   5.0788000e+04   1.4584598e+01   1.2105926e+02
   2.2897000e+04   5.1326992e+01   1.2399702e+01
   4.5345000e+04   5.5611607e+01   1.3043329e+01
   6.6989000e+04   3.0273873e+01  -9.7740921e+01
   8.1129000e+04   3.0248859e+01  -9.7750082e+01
   3.0348000e+04   5.9277091e+01   1.8133496e+01
   5.7875000e+04   6.2388773e+01   1.7308702e+01
   7.6332000e+04   3.6089508e+01  -1.1517769e+02
   1.5594000e+04   2.9741124e+01  -9.5457180e+01
   8.1916000e+04   3.3806871e+01  -8.4336060e+01
   7.5716000e+04   5.8990068e+01   1.1166643e+01
   3.6899000e+04   5.2302942e+01   4.5659780e+00
   5.4817000e+04   5.9923162e+01   1.0762718e+01
   4.4264000e+04   4.5588906e+01  -1.2259317e+02
   7.6528000e+04   5.9333058e+01   1.8072209e+01
   2.0975000e+04  -3.4984851e+01   1.3857494e+02
   9.5600000e+02   3.8574978e+01  -1.2157135e+02
   4.5786000e+04  -6.1654623e+00   1.0682030e+02
   5.4221000e+04   6.0170859e+01   2.4941422e+01
   6.8217000e+04   3.0268127e+01  -9.7769532e+01
   5.5190000e+04   5.7712353e+01   1.1894398e+01
   5.9341000e+04   3.2853353e+01  -9.6763674e+01
   6.0000000e+04   3.7804030e+01  -1.2240286e+02
   6.0314000e+04   4.5480904e+01   9.2111551e+00
   5.1680000e+04   4.0444263e+01  -7.6431259e+01
   7.4473000e+04   3.9736762e+01  -1.0497892e+02
   1.1730000e+04   4.5482820e+01  -7.3575306e+01
   7.8214000e+04   3.0283974e+01  -9.7736371e+01
   2.0154000e+04   3.3823154e+01  -1.1650756e+02
   9.9330000e+03   3.3614852e+01  -1.1793015e+02
   2.1826000e+04   6.0288995e+01   5.2269965e+00
   8.4956000e+04   4.2279166e+01  -8.3748468e+01
   1.1783000e+04   3.2536016e+01  -9.4861745e+01
   1.4690000e+03   2.8541242e+01  -8.1379509e+01
   3.3551000e+04   5.9314948e+01   1.8163976e+01
   2.0741000e+04   5.2102983e+01   5.2571082e+00
   7.0684000e+04   4.0705848e+01  -7.4001911e+01
   3.5063000e+04   6.0166776e+01   2.4961187e+01
   7.7073000e+04   3.3935822e+01  -1.0185316e+02
   4.9746000e+04   4.9324661e+01  -1.2431024e+02
   6.1696000e+04   3.4831524e+01  -8.2307878e+01
   3.1133000e+04   5.4976758e+01  -1.6074157e+00
   7.0097000e+04   4.7569787e+01  -1.2228893e+02
   7.2055000e+04   3.8917235e+01  -7.7028015e+01
   7.3686000e+04   4.8454851e+01  -1.2339449e+02
   3.9823000e+04   5.1505517e+01  -9.1527700e-02
   6.6144000e+04   5.2235824e+01   5.2320801e+00
   5.9350000e+04   4.8730255e+01   9.1979294e+00
   6.6391000e+04   3.5655814e+01  -9.7470548e+01
   8.5991000e+04   2.1609246e+01   3.9131206e+01
   6.0858000e+04   3.0194684e+01  -8.1382253e+01
   5.8011000e+04   4.2361811e+01  -7.1097754e+01
   6.5921000e+04   5.1672768e+01  -1.9311047e+00
   5.7368000e+04   6.1820269e+01   1.6125347e+01
   6.8710000e+03   3.7864745e+01  -1.2225882e+02
   7.4886000e+04   5.7705898e+01   1.1987307e+01
   1.3195000e+04   3.2674185e+01  -9.7009618e+01
   6.6480000e+03   3.2223040e+01  -1.1096675e+02
   7.5968000e+04   3.5333929e+01  -9.7476208e+01
   5.4355000e+04   2.6129241e+01  -8.0354176e+01
   8.0003000e+04   5.9321384e+01   1.8073003e+01
   1.1657000e+04   3.7694509e+01  -1.2247155e+02
   3.7048000e+04   5.8164150e+01   8.0052245e+00
   2.0890000e+03   3.0273652e+01  -9.7800181e+01
   4.6660000e+03   4.0164500e+01  -1.1161087e+02
   2.0355000e+04   3.6116956e+01  -1.1518706e+02
   5.9852000e+04   4.1651925e+01  -8.3535530e+01
   2.9200000e+02   4.1928825e+01  -8.7642591e+01
   5.9887000e+04   3.9742537e+01  -7.7529027e+01
   6.2825000e+04   6.0373422e+01   6.0046168e+00
   3.0541000e+04   5.8389816e+01   1.3845644e+01
   3.4706000e+04   5.9336462e+01   1.8058686e+01
   5.8825000e+04   3.7588844e+01  -7.7458470e+01
   8.0993000e+04   4.0705992e+01  -7.4003077e+01
   6.0933000e+04   4.2650892e+01  -8.3131750e+01
   2.6658000e+04  -3.2124226e+01   1.1576152e+02
   6.5901000e+04   3.8030959e+01  -7.8482282e+01
   7.7683000e+04   3.7578082e+01  -1.2234501e+02
   7.0370000e+04   3.3638633e+01  -8.4437141e+01
   5.3738000e+04   1.3879593e+01   1.0048721e+02
   6.0300000e+04   3.6105313e+01  -7.9825573e+01
   7.4385000e+04   4.3070531e+01  -7.6169968e+01
   3.4907000e+04   4.9854209e+01   1.0241036e+01
   5.1400000e+04   3.8954404e+01  -7.6738763e+01
   4.6467000e+04   5.1022804e+01   4.4871140e+00
   8.2140000e+03   3.5285869e+01  -9.7485428e+01
   1.2697000e+04   3.6284766e+01  -1.1517873e+02
   2.1735000e+04   4.9039435e+00   1.1492098e+02
   5.1945000e+04   4.3661176e+01  -7.9382474e+01
   6.0690000e+04   3.8887935e+01  -7.7012465e+01
   7.0727000e+04   1.8423981e+01  -6.6074134e+01
   5.5631000e+04   3.3995556e+01  -1.1734788e+02
   4.5422000e+04   5.5944567e+01  -3.1838406e+00
   6.3431000e+04   2.0529542e+01  -1.0077827e+02
   7.0351000e+04   3.7578466e+01  -1.2234769e+02
   5.5563000e+04   5.2694344e+01  -2.1254721e+00
   1.4860000e+04   4.2318978e+01  -7.2628935e+01
   2.9375000e+04   6.0175470e+01   2.4803385e+01
   7.7327000e+04   4.0785708e+01  -7.3950393e+01
   3.8510000e+04   5.1503988e+01  -1.4359474e-01
   8.1730000e+04   4.0024876e+01  -7.6204426e+01
   6.3602000e+04   3.0290686e+01  -9.7734305e+01
   7.0125000e+04   3.2878808e+01  -9.7260804e+01
   7.7540000e+04   3.2897462e+01  -9.7040348e+01
   1.6973000e+04   3.6062717e+01  -9.5885882e+01
   7.4549000e+04   3.3003888e+01  -9.6997015e+01
   7.2850000e+03   3.5517435e+01   1.3956633e+02
   3.4631000e+04   5.3584863e+01  -2.5357497e+00
   8.3160000e+03  -3.3872449e+01   1.5120630e+02
   1.3607000e+04   3.0229631e+01  -9.7755125e+01
   5.2771000e+04   4.9626102e+01   6.1193831e+00
   5.3380000e+04   2.7793249e+01  -8.2734255e+01
   5.1209000e+04   3.7419484e+01  -1.2221485e+02
   4.2120000e+03   3.9749061e+01  -7.4989949e+01
   5.1749000e+04   5.2989023e+01  -2.1385434e+00
   7.9391000e+04   5.1272349e+01   4.4113992e+00
   5.9840000e+04   3.4750464e+01  -9.2321673e+01
   1.3380000e+03   3.7762282e+01  -1.2242294e+02
   6.4198000e+04   3.9233680e+01  -9.4568397e+01
   6.6431000e+04   4.5533566e+01  -1.2293406e+02
   1.8545000e+04   2.1290551e+01  -1.5784263e+02
   4.8889000e+04   4.3649670e+01  -7.9370921e+01
   4.7681000e+04   1.8500000e+01  -6.9950000e+01
   7.2045000e+04   3.0306625e+01  -9.7729636e+01
   5.7459000e+04   5.6184599e+01   1.5763882e+01
   6.4765000e+04   3.2859392e+01  -9.7289621e+01
   4.8977000e+04   5.2272694e+01   8.0608535e+00
   6.1452000e+04   3.2791663e+01  -9.6781181e+01
   2.8240000e+03   4.2373335e+01  -7.1097978e+01
   6.3710000e+04   2.7146069e+01  -8.0195675e+01
   7.6532000e+04   4.2706233e+01  -8.3283294e+01
   6.6404000e+04   5.8906629e+01   5.7381999e+00
   2.5671000e+04   5.0914359e+01   1.0910241e+01
   7.2762000e+04   4.3505060e+01  -7.9948674e+01
   3.7360000e+03   4.1905545e+01  -8.7701711e+01
   8.2131000e+04   4.1945427e+01  -7.1284919e+01
   8.6200000e+03   3.2756530e+01  -9.6823132e+01
   6.6577000e+04   4.2232398e+01  -7.1179701e+01
   3.6888000e+04   4.7678255e+01   9.5097010e+00
   6.8036000e+04   4.0729739e+01  -7.4004765e+01
   4.0534000e+04   5.0296215e+01   1.3962923e+01
   1.4486000e+04   3.0269450e+01  -9.7742127e+01
   8.4844000e+04   5.1221749e+01  -2.9696560e+00
   5.1500000e+02   3.9003556e+01  -9.4673349e+01
   1.7289000e+04   5.9925017e+01   1.6606715e+01
   6.0475000e+04   5.9335400e+01   1.8060129e+01
   2.6568000e+04   4.8257050e+01   1.6367737e+01
   3.2520000e+03   3.0266592e+01  -9.7736746e+01
   6.1710000e+03   5.9318609e+01   1.8070813e+01
   6.4961000e+04   4.2984761e+01  -8.1246577e+01
   7.6050000e+03   3.7762598e+01  -1.2242313e+02
   5.6132000e+04   4.2729513e+01  -7.3678420e+01
   7.1868000e+04   2.7849605e+01  -8.2769966e+01
   2.3432000e+04   3.6112007e+01  -1.1517640e+02
   7.9374000e+04   3.4165269e+01  -1.1838989e+02
   2.1190000e+03   4.2372243e+01  -1.2291547e+02
   8.0563000e+04   3.7656014e+01  -7.7614191e+01
   5.3312000e+04   5.7668073e+01   1.2295139e+01
   7.1420000e+03   3.7736841e+01  -8.4317548e+01
   1.8208000e+04   4.0232130e+01  -7.5227514e+01
   6.4633000e+04   3.9953047e+01  -7.5159668e+01
   1.7830000e+03   2.5761230e+01  -8.0259281e+01
   6.8130000e+04   5.1056981e+01   3.7256527e+00
   6.1169000e+04   3.6768459e+01  -1.1979679e+02
   7.8199000e+04   5.1541364e+01   7.2204208e+00
   3.1910000e+04   5.5550601e+01   1.3032757e+01
   7.0540000e+04   3.7370733e+01  -1.2191719e+02
   6.8935000e+04   3.3080002e+01  -9.6823289e+01
   8.3839000e+04   3.9633079e+01  -1.0532004e+02
   5.4860000e+03   3.2785531e+01  -9.6808627e+01
   1.9711000e+04   3.0245379e+01  -9.7780445e+01
   8.4535000e+04   3.5195399e+01  -9.7440937e+01
   7.9370000e+03   3.8634002e+01  -1.2150317e+02
   2.2388000e+04   3.3943538e+01  -1.1840717e+02
   2.1429000e+04   5.9910105e+01   1.0725199e+01
   5.3010000e+04   3.8616074e+01  -9.0274912e+01
   8.4617000e+04   3.7537680e+01   1.2709821e+02
   1.3639000e+04   4.5516902e+01  -7.3580056e+01
   8.2361000e+04   3.7800010e+01  -1.2240751e+02
   6.8642000e+04   3.5613451e+01  -9.7557698e+01
   5.8512000e+04   5.6873748e+01   1.4824989e+01
   4.3120000e+04   4.2317138e+01  -7.1104245e+01
   6.6990000e+04   3.5012550e+01  -7.9043741e+01
   5.0013000e+04   4.8151774e+01   1.1576000e+01
   1.4060000e+03   3.6089808e+01  -9.4153690e+01
   6.4541000e+04   1.8429549e+01  -6.6112582e+01
   6.6023000e+04   4.8866254e+01   2.3793983e+00
   6.2348000e+04   6.0200565e+01   1.1984197e+01
   1.2245000e+04   3.4159516e+01  -1.1833160e+02
   2.1349000e+04   6.0666697e+01   1.7064695e+01
   7.2090000e+04   0.0000000e+00   0.0000000e+00
   1.3139000e+04   3.7596483e+01  -1.2237308e+02
   3.8573000e+04   4.8829012e+01   2.3820760e+00
   6.5447000e+04   5.2414245e+01  -1.9822558e+00
   2.1232000e+04   4.8028291e+01   7.8333304e+00
   8.0501000e+04   3.7765359e+01  -1.2240708e+02
   7.9505000e+04   6.5297787e+01   2.1509465e+01
   2.2522000e+04   4.7615126e+01  -1.2232085e+02
   8.2624000e+04   1.8693182e+01  -6.8427491e+01
   4.7197000e+04   3.0272569e+01  -9.7772725e+01
   6.4315000e+04   3.3812065e+01  -1.1791901e+02
   6.0447000e+04   3.8618701e+01  -1.2137359e+02
   7.0015000e+04   5.8603759e+01   1.1286572e+01
   8.2388000e+04   3.2895139e+01  -1.1714353e+02
   1.9200000e+02   3.2376629e+01  -1.1104864e+02
   4.1939000e+04   5.9361754e+01   1.7968455e+01
   1.3599000e+04   3.2842664e+01  -9.6995664e+01
   3.9611000e+04   4.8329230e+01   1.4312472e+01
   5.6684000e+04   5.0939183e+01   6.9779039e+00
   5.1739000e+04   5.1207199e+01   6.7777061e+00
   4.0200000e+03   4.7535023e+01  -1.2230210e+02
   6.1130000e+03   3.3684452e+01  -1.1781501e+02
   6.1460000e+04   3.4018385e+01  -1.1751530e+02
   5.4102000e+04   2.5116130e+01   5.5193987e+01
   6.4981000e+04   6.1775297e+01   6.2165451e+00
   7.7087000e+04   3.4051522e+01  -1.1841110e+02
   6.3903000e+04   2.1567468e+01   3.9150016e+01
   8.0656000e+04   6.0394109e+01   5.3276181e+00
   6.4025000e+04   3.7341892e+01  -1.2199120e+02
   6.6724000e+04   5.0850410e+01   4.3471146e+00
   8.3015000e+04   3.4040229e+01  -1.1846345e+02
   3.7202000e+04   5.1066168e+01   3.7017806e+00
   4.2470000e+03   3.7792200e+01  -1.2243404e+02
   6.0574000e+04   3.2753345e+01  -9.7332595e+01
   7.1376000e+04   2.8482602e+01  -8.1427435e+01
   7.7799000e+04   3.4421751e+01  -1.1965061e+02
   6.3591000e+04   4.7287708e+01   8.5443699e+00
   4.1912000e+04   4.8740763e+01   9.0339970e+00
   3.7260000e+03   3.8871100e+01  -7.7261602e+01
   7.7865000e+04   5.9895419e+01   1.0814982e+01
   5.6283000e+04   5.2731170e+01  -1.1110534e+00
   6.4520000e+03   3.7306552e+01  -1.2181181e+02
   3.9000000e+04   5.7778431e+01   1.4160991e+01
   6.1479000e+04   5.4662458e+01   9.9292588e+00
   5.2043000e+04   4.8163406e+01   1.7134614e+01
   6.2354000e+04   5.5680688e+01   1.2572050e+01
   6.1921000e+04   5.1760343e+01  -5.6419122e-01
   3.1552000e+04   5.9338189e+01   1.8092444e+01
   7.1708000e+04   5.9320332e+01   1.7763369e+01
   6.2818000e+04   4.0107588e+01  -8.3016137e+01
   1.8865000e+04   3.7490332e+01  -1.2222635e+02
   1.0450000e+04   3.8686876e+01  -1.2130940e+02
   7.4662000e+04   3.3773523e+01  -8.4372929e+01
   8.2244000e+04   4.0017579e+01  -1.0525630e+02
   6.3529000e+04   3.2839658e+01  -9.6696864e+01
   7.0016000e+04   4.0695999e+01  -8.0302499e+01
   6.7988000e+04   3.2817263e+01  -9.6840678e+01
   7.2600000e+02   3.8987260e+01  -8.4508145e+01
   5.2570000e+04   3.5478451e+01  -9.7528587e+01
   7.3445000e+04   3.0242050e+01  -9.7781781e+01
   8.3010000e+03   3.9160514e+01  -7.8181500e+01
   7.5412000e+04   4.8130991e+01   1.1574728e+01
   6.5651000e+04   4.4965679e+01  -9.3243953e+01
   6.5070000e+04   3.3844567e+01  -8.4494884e+01
   6.6020000e+04   5.1736676e+01   8.6758411e+00
   5.5981000e+04   4.4070419e+01  -9.2502495e+01
   6.4102000e+04   3.5619883e+01  -9.7585075e+01
   6.1024000e+04   3.0287701e+01  -8.1406825e+01
   6.1735000e+04   3.5212774e+01  -1.0111866e+02
   6.5349000e+04   3.2776251e+01  -9.6805708e+01
   8.2441000e+04   3.0307342e+01  -9.7741864e+01
   5.8289000e+04   5.1018206e+01   4.4828777e+00
   4.0349000e+04  -2.3272889e+01  -4.7292465e+01
   3.6137000e+04  -3.3903733e+01   1.5118056e+02
   1.6459000e+04   1.3719807e+01   1.0050595e+02
   2.5806000e+04   3.7539162e+01   1.2707241e+02
   8.0102000e+04   3.2925959e+01  -9.6828625e+01
   5.6403000e+04   5.9356143e+01   1.7953806e+01
   3.6752000e+04   6.2390063e+01   1.7306684e+01
   7.5250000e+03   3.7600692e+01  -1.2238683e+02
   5.2516000e+04   3.4493720e+01  -9.1551218e+01
   2.1344000e+04   3.0261122e+01  -9.7758677e+01
   7.5257000e+04   4.4078303e+01  -9.2514985e+01
   7.1236000e+04   2.1598992e+01   3.9144181e+01
   5.7281000e+04   5.4599293e+01  -5.9257025e+00
   6.8821000e+04   3.4046908e+01  -1.1852356e+02
   1.5658000e+04   3.0266332e+01  -9.7744814e+01
   6.6211000e+04   5.6655660e+01   1.2910159e+01
   6.2950000e+04   3.3673772e+01  -1.1792171e+02
   6.9670000e+03   4.7670550e+01  -1.2212005e+02
   8.1958000e+04   3.8937613e+01  -7.7264701e+01
   7.4576000e+04   3.7431747e+01  -1.2217087e+02
   5.0433000e+04   5.9340546e+01   1.8038424e+01
   4.3064000e+04   3.8629121e+01  -9.1987967e+00
   6.7459000e+04   4.0585343e+01  -1.2234785e+02
   6.1794000e+04   3.2722360e+01  -9.7357964e+01
   6.2603000e+04   6.3398716e+01   1.0432696e+01
   5.8696000e+04   2.4989721e+01   1.2154928e+02
   6.6793000e+04   3.0264795e+01  -9.7729540e+01
   3.5952000e+04   4.8769103e+01   9.1566539e+00
   5.6849000e+04   3.9444853e+01  -7.7987284e+01
   5.9410000e+04   4.3656147e+01  -7.9402601e+01
   2.6558000e+04   5.9341967e+01   1.8037537e+01
   5.2209000e+04   5.5599606e+01   1.2998380e+01
   7.6230000e+03   1.3742597e+01   1.0055337e+02
   2.4670000e+04   5.0159539e+01   8.3156300e+00
   8.5573000e+04   3.0244998e+01  -9.7715016e+01
   3.3785000e+04  -2.7460172e+01   1.5303668e+02
   1.4441000e+04   4.9495331e+01   5.9864602e+00
   5.7623000e+04   4.2528455e+01  -8.5849367e+01
   5.0973000e+04   5.3485102e+01  -2.2715532e+00
   5.2590000e+03   3.0247872e+01  -9.7750340e+01
   5.7123000e+04   5.9364113e+01   1.7994889e+01
   6.8740000e+03   4.1978029e+01  -8.7903671e+01
   2.7180000e+03   4.7651592e+01  -1.2235445e+02
   1.1740000e+03   3.5020123e+01  -8.5240604e+01
   7.0578000e+04   3.4008259e+01  -1.1841489e+02
   2.9817000e+04   5.9320201e+01   1.8071169e+01
   7.7864000e+04   3.9853735e+01  -1.0467381e+02
   7.3241000e+04   5.1509621e+01   1.3994154e+01
   8.2711000e+04   3.2451691e+01  -9.9733546e+01
   7.4436000e+04   4.0725023e+01  -7.3999110e+01
   4.4230000e+04   2.4495048e+01   5.4384241e+01
   5.0515000e+04   5.1487282e+01  -1.2431502e-01
   9.9300000e+02  -4.1284990e+01   1.7477652e+02
   7.8682000e+04   3.9147835e+01  -8.4444855e+01
   4.1348000e+04   4.0769756e+01  -7.3916142e+01
   6.7269000e+04  -2.7491411e+01   1.5303550e+02
   8.0256000e+04   3.4098287e+01  -1.1834167e+02
   6.4632000e+04   3.4159213e+01  -1.1833039e+02
   7.7846000e+04   5.1509873e+01  -1.3454229e-01
   2.7245000e+04   5.5720167e+01   1.3230680e+01
   1.4661000e+04   3.6296296e+01  -1.1914063e+02
   6.9404000e+04   3.2441297e+01  -9.7794435e+01
   4.1607000e+04   5.1213544e+01   4.4235742e+00
   3.5816000e+04   1.2790738e+00   1.0384510e+02
   4.4289000e+04   5.9336715e+01   1.7942338e+01
   5.8725000e+04   5.7853042e+01   1.2458769e+01
   6.1886000e+04   3.4152938e+01  -8.1246874e+01
   3.9470000e+03   3.3886667e+01  -1.1752094e+02
   6.0666000e+04   5.5591786e+00  -2.0960927e-01
   1.6547000e+04   3.5659936e+01   1.3972368e+02
   5.5127000e+04   3.3906917e+01  -8.4349565e+01
   5.1558000e+04   5.0089179e+01   1.4426165e+01
   6.7987000e+04   5.3370013e+01  -1.2105168e+00
   5.1496000e+04   5.3656234e+01  -1.7664521e+00
   7.6297000e+04   4.4917338e+01  -9.3187242e+01
   6.7844000e+04   5.9465705e+01   1.8044207e+01
   6.7977000e+04   3.2738700e+01  -9.7436736e+01
   7.9479000e+04   3.2526043e+01  -9.7344886e+01
   7.0565000e+04   5.2526530e+01   1.3369553e+01
   2.1320000e+04   4.1346265e+01  -8.8844044e+01
   7.9027000e+04   3.0248054e+01  -9.7750275e+01
   4.4799000e+04   3.8439198e+01  -1.0524076e+02
   5.8524000e+04   3.8886914e+01  -7.6997155e+01
   2.7075000e+04   5.9471755e+01   1.8331034e+01
   7.9161000e+04   5.0763112e+01   6.0752034e+00
   6.6112000e+04   3.7839822e+01  -1.2225939e+02
   6.1021000e+04   4.5514053e+01  -7.3562468e+01
   2.9012000e+04   3.6124305e+01  -1.1516809e+02
   8.0149000e+04   3.9921222e+01  -1.0498659e+02
   6.4049000e+04   6.1005547e+01   1.4533126e+01
   2.9095000e+04   5.9857974e+01   1.7640781e+01
   5.4916000e+04   5.1288881e+01   5.1901844e+00
   7.3149000e+04   4.5530883e+01  -1.2268461e+02
   3.0430000e+03   4.2936153e+01  -8.7863899e+01
   6.0550000e+04   3.0198186e+01  -9.7820540e+01
   6.8850000e+03   5.9803202e+01   1.0959685e+01
   1.1048000e+04   5.9316950e+01   1.8168074e+01
   6.8495000e+04   3.2134669e+01  -1.1092196e+02
   2.6272000e+04   5.9327837e+01   1.8017857e+01
   7.3531000e+04   5.1771371e+01   5.3359759e+00
   7.0850000e+04   4.8665382e+01   7.7193743e+00
   7.1837000e+04   4.1620787e+01  -8.7857016e+01
   6.4844000e+04   3.9618094e+01  -8.6352035e+01
   3.3307000e+04   5.9384351e+01   1.4509801e+01
   8.2590000e+04   3.3639276e+01  -1.1223118e+02
   8.4006000e+04   3.7793272e+01  -1.2239465e+02
   8.9100000e+03   3.0266240e+01  -9.7745908e+01
   3.0165000e+04   5.9848701e+01   1.7560004e+01
   4.5533000e+04   6.0390897e+01   5.3224790e+00
   2.7156000e+04   5.1429464e+01  -5.4658765e-01
   8.3501000e+04   3.2841117e+01  -9.7240505e+01
   2.7970000e+03   3.7868156e+01  -1.2249765e+02
   8.0750000e+03   3.3780609e+01  -1.1803039e+02
   2.5527000e+04   5.9305555e+01   1.8023833e+01
   2.3575000e+04   6.0193511e+01   1.1098251e+01
   2.4921000e+04   5.1228085e+01   6.7912413e+00
   6.2776000e+04   5.9314146e+01   1.8064409e+01
   1.8974000e+04   4.8464293e+01  -1.2331035e+02
   5.5205000e+04   4.7500127e+01   8.7241423e+00
   7.8449000e+04   3.0265452e+01  -9.7738431e+01
   7.1165000e+04   3.3804600e+01  -1.1792061e+02
   7.4024000e+04   2.9738435e+01  -9.8104134e+01
   6.4287000e+04   6.0008247e+01   1.5828917e+01
   8.3513000e+04   3.7653002e+01  -1.2238238e+02
   6.2141000e+04   1.9489272e+01  -9.9133350e+01
   1.1582000e+04   3.3772065e+01  -1.1802963e+02
   4.6616000e+04   5.0049718e+01   1.4297495e+01
   3.4203000e+04  -3.3885309e+01   1.5123006e+02
   9.4920000e+03   3.3788292e+01  -1.1796703e+02
   1.6437000e+04   1.3815360e+01   1.0053161e+02
   1.5152000e+04   3.5532037e+01  -9.7534541e+01
   5.1767000e+04   4.8183940e+01   1.7170838e+01
   6.5952000e+04   2.4782072e+01   4.6731491e+01
   7.6320000e+03   3.2811988e+01  -9.6610537e+01
   6.5181000e+04   3.0271262e+01  -9.7754298e+01
   4.0016000e+04   5.8481815e+01   1.6323261e+01
   7.8391000e+04   3.0264479e+01  -9.7739568e+01
   8.4355000e+04   3.0270083e+01  -9.7750427e+01
   5.4491000e+04   5.1784483e+01   6.4578710e-01
   4.7130000e+04   3.0414571e+01  -9.7746626e+01
   8.7440000e+03   2.9760210e+01  -9.5372575e+01
   7.7010000e+04   3.4130873e+01  -1.1822103e+02
   6.5289000e+04   5.5607849e+01   1.3041403e+01
   5.5029000e+04   3.2822585e+01  -9.6787768e+01
   5.6667000e+04   5.9402686e+01   1.7945051e+01
   5.1331000e+04   5.2377174e+01   4.6330225e+00
   2.3685000e+04   3.2785022e+01  -9.6774145e+01
   1.6480000e+03   3.3002007e+01  -9.6765068e+01
   2.9135000e+04   4.7960286e+01   7.8306830e+00
   1.4010000e+04   2.4958417e+01   4.6703932e+01
   6.4579000e+04   5.1208197e+01   3.4459731e+00
   2.5725000e+04   3.0288580e+01  -8.1645075e+01
   5.3474000e+04   4.2273709e+01  -8.3683338e+01
   3.6929000e+04   3.1569875e+00   1.0171269e+02
   4.9688000e+04   4.0762642e+01  -7.4009185e+01
   7.1162000e+04   3.9238586e+01  -7.7273249e+01
   5.8710000e+04   4.2358051e+01  -7.1055751e+01
   7.7223000e+04   4.1601489e+01  -8.3625488e+01
   4.5267000e+04   1.8419048e+01  -6.6165729e+01
   2.0822000e+04   5.7784354e+01   1.4162779e+01
   3.0480000e+04   5.0939230e+01   1.4687573e+01
   7.3888000e+04   4.1752811e+01  -7.0119783e+01
   3.1431000e+04   5.9329660e+01   1.8050054e+01
   2.7488000e+04   5.0078033e+01   1.4433868e+01
   2.8166000e+04   5.6674974e+01   1.6380015e+01
   3.2874000e+04   5.9300973e+01   1.4104971e+01
   5.4609000e+04   4.0763097e+01  -7.3981118e+01
   1.2214000e+04   5.3569277e+01  -1.1356624e+02
   5.7952000e+04   2.5704210e+01  -8.0288488e+01
   4.4088000e+04   5.9909249e+01   1.0709041e+01
   3.8534000e+04   4.9750501e+01   6.6398596e+00
   7.9286000e+04   3.0263799e+01  -9.7738743e+01
   2.6722000e+04   5.5944412e+01  -3.1868291e+00
   5.3808000e+04   4.6947444e+01   7.4286810e+00
   7.1942000e+04   3.3696459e+01  -1.1215101e+02
   4.7527000e+04   3.9818766e+01   4.2828065e+00
   6.1816000e+04   3.6100527e+01  -1.1520921e+02
   6.4675000e+04   4.6944095e+01   7.4326372e+00
   1.9687000e+04   3.4038169e+01  -1.1827400e+02
   7.2148000e+04   3.0529456e+01  -9.7781312e+01
   1.2189000e+04   3.0267169e+01  -9.7739698e+01
   6.0860000e+04   4.8197985e+01   1.6349071e+01
   2.5946000e+04   4.5129270e+01   1.0025550e+01
   8.4805000e+04   4.5051934e+01  -9.3063225e+01
   1.8535000e+04   2.9650726e+01  -9.7591739e+01
   3.6693000e+04   5.0496313e+01   1.2171307e+01
   8.3175000e+04   3.4435768e+01  -1.1980274e+02
